158.11,1.0936,2.2163,1.6156,1.9078,1.4803,2.138,1.6992,1.0252,3.2895,5.3278,1.4644,3.4582,2.0262,1.5063,1.2972,1.7624,1.3645,1.5002,1.4714,1.1502,1.3127,1.5673,1.7222,2.2799,1.4334,1.6595,1.3346,2.8352,2.8771,3.1877,1.8056,1.3832,2.2847,1.3727,1.3681,1.4644,1.9612,1.6451,2.2055,1.9954,1.6495,1.5719,1.9064,2.0065,1.1869,1.2131,2.2871,3.2684,1.5766,1.4472,1.3938,1.2549,0.87114,1.2389,1.4071,1.8223,2.6064,1.6943,2.8963,1.2367,2.849,1.4048,1.5344,3.7899,1.0698,1.5853,1.1536,1.7527,1.5957,1.5634,2.05,1.5619,2.0147,1.4394,4.5822,2.926,1.5036,3.4666,1.6442,1.9568,2.3163,1.6215,1.5893,1.1683,1.3123,1.4098,1.7813,1.3722,1.1702,1.8482,1.912,2.5127,1.5543,1.3322,0.96502,1.5077,1.5287,1.237,2.5583,2.926,1.2416,3.1812,1.9449,1.5543,1.4352,1.6353,1.3848,2.8583,4.5442,1.6953,1.36,2.4369,2.7441,2.138,2.0692,1.787,2.0516,1.1267,1.5925,1.5917,1.7462,1.4526,1.0438,2.3729,1.4791,2.0656,1.8044,1.6876,1.6362,0.82723,2.0551,1.972,1.8357,1.1496,2.365,1.9538,1.5374,3.2684,1.5885,1.264,1.401,1.3858,0,0,0,0,0,0,0,0,0,0,0,0,0,0,0,0,0,0,0,0,0,0,0,0,0,0,0,0,0,0,0,0,0,0,0,0,0,0,0,0,0,0,0,0,0,0,0,0,0,0,0,0,0,0,0,0,0,0,0,0,0,0,0,0,0,0,0,0,0,0,0,0,0,0,0,0,0,0,0,0,0,0,0,0,0,0,0,0,0,0,0,0,0,0,0,0,0,0,0,0,0,0,0,0,0,0,0,0,0,0,0,0,0,0,0,0,0,0,0,0,0,0,0,0,0,0,0,0,0,0,0,0,0,0,0,0,0,0,0,0,0,0,0,0,0,0,0,0,0,0,0,0,0,0,0,0,0,0,0,0,0,0,0,0,0,0,0,0,0,0,0,0,0,0,0,0,0,0,0,0,0,0,0,0,0,0,0,0,0,0,0,0,0
1.0936,158.11,1.0136,0.9202,2.2317,0.79685,1.6039,2.817,1.926,1.2078,1.249,1.5528,1.3589,1.0686,1.679,2.1658,1.4363,1.1115,2.1017,1.1154,0.84827,0.90901,1.042,1.0845,1.2963,1.926,2.5615,2.6687,1.3837,1.3505,1.0283,1.5551,0.92381,1.359,1.4043,1.4322,1.7325,0.84779,1.5251,1.3237,1.8596,2.0017,1.3896,2.3088,0.91511,3.0427,1.0954,1.2521,1.1309,2.4084,1.3863,1.0169,1.9969,1.3279,0.86293,0.92193,1.0409,1.4417,1.1221,1.4252,1.1588,1.0438,1.4928,2.2658,1.2005,1.7548,2.2141,0.96199,2.043,1.6733,1.4823,1.2186,1.4771,1.0678,1.9289,1.2886,1.1333,1.3564,1.1964,2.1637,1.5491,1.4026,1.6258,1.5852,1.3369,1.3047,1.0767,1.0348,0.92177,0.83054,1.8031,1.2005,1.2262,1.4328,1.3743,0.73236,1.3505,0.89026,0.76713,1.1145,1.4299,1.9449,1.1872,1.42,2.0049,2.078,1.2128,1.1281,1.1661,1.0351,1.0842,1.5056,1.4447,1.4183,1.2946,1.2175,1.6631,0.94789,1.7473,1.852,1.8162,2.1148,4.0545,2.795,0.91959,1.6155,1.7041,1.4037,2.1458,1.5181,2.2657,1.3545,1.7051,1.7021,3.004,1.7011,1.4784,1.7515,1.3456,2.3162,1.1159,1.8859,3.5088,0,0,0,0,0,0,0,0,0,0,0,0,0,0,0,0,0,0,0,0,0,0,0,0,0,0,0,0,0,0,0,0,0,0,0,0,0,0,0,0,0,0,0,0,0,0,0,0,0,0,0,0,0,0,0,0,0,0,0,0,0,0,0,0,0,0,0,0,0,0,0,0,0,0,0,0,0,0,0,0,0,0,0,0,0,0,0,0,0,0,0,0,0,0,0,0,0,0,0,0,0,0,0,0,0,0,0,0,0,0,0,0,0,0,0,0,0,0,0,0,0,0,0,0,0,0,0,0,0,0,0,0,0,0,0,0,0,0,0,0,0,0,0,0,0,0,0,0,0,0,0,0,0,0,0,0,0,0,0,0,0,0,0,0,0,0,0,0,0,0,0,0,0,0,0,0,0,0,0,0,0,0,0,0,0,0,0,0,0,0,0,0,0
2.2163,1.0136,158.11,3.083,1.3114,2.9258,1.4212,1.3388,1.2355,1.7032,1.894,1.1991,1.9583,2.988,1.138,1.5395,1.6486,1.8661,1.3691,1.5316,0.95477,0.84067,2.8724,0.9989,1.4707,1.742,1.5837,1.3379,3.5176,3.2614,3.1067,1.9435,2.688,2.4002,1.1406,1.9449,1.5543,2.817,1.6477,1.6905,2.0196,1.757,2.5752,1.7452,5.5874,1.2572,1.821,2.5032,1.4765,1.4441,1.919,0.938,1.3495,1.1232,1.2128,2.1802,3.2825,2.7565,2.1018,3.2073,2.1399,3.2206,2.1018,1.1648,3.2895,1.3123,1.5316,2.1969,1.4276,2.0999,1.2556,2.2589,2.2098,1.568,1.3753,2.197,2.6765,2.61,2.2251,1.8482,1.89,2.8352,1.4545,1.7141,1.7624,2.1419,3.1812,3.5987,1.5965,1.4346,2.1578,1.7002,1.7202,1.3753,1.4411,1.3159,1.7367,2.0568,1.7101,3.509,1.7847,1.2797,1.3816,1.4178,1.4054,1.5252,2.628,2.0603,4.1803,1.5781,1.0244,1.8174,1.6705,2.0889,1.6762,1.6301,2.0944,1.5424,1.4048,1.6531,1.388,1.3535,1.2363,0.91881,7.1364,1.9922,1.4183,2.6764,1.3545,2.4085,0.85871,2.2163,1.5174,1.2681,1.2255,2.3064,1.3671,1.4026,1.9078,1.359,2.062,1.5821,1.1738,0,0,0,0,0,0,0,0,0,0,0,0,0,0,0,0,0,0,0,0,0,0,0,0,0,0,0,0,0,0,0,0,0,0,0,0,0,0,0,0,0,0,0,0,0,0,0,0,0,0,0,0,0,0,0,0,0,0,0,0,0,0,0,0,0,0,0,0,0,0,0,0,0,0,0,0,0,0,0,0,0,0,0,0,0,0,0,0,0,0,0,0,0,0,0,0,0,0,0,0,0,0,0,0,0,0,0,0,0,0,0,0,0,0,0,0,0,0,0,0,0,0,0,0,0,0,0,0,0,0,0,0,0,0,0,0,0,0,0,0,0,0,0,0,0,0,0,0,0,0,0,0,0,0,0,0,0,0,0,0,0,0,0,0,0,0,0,0,0,0,0,0,0,0,0,0,0,0,0,0,0,0,0,0,0,0,0,0,0,0,0,0,0
1.6156,0.9202,3.083,158.11,1.1196,2.0962,1.1493,1.1272,1.102,1.4739,1.4065,1.1034,1.4638,3.0371,1.0368,1.2784,1.3982,1.4138,1.1661,1.4752,1.0211,0.79212,2.565,0.87432,1.3645,1.3779,1.3168,1.2325,2.1036,2.0379,2.0727,1.4195,2.2339,1.5619,0.98774,1.742,1.401,2.7523,1.356,1.5476,1.6799,1.4322,2.098,1.4054,3.9399,1.0812,1.4713,1.7635,1.2903,1.1702,2.0379,0.8532,1.1227,1.0673,1.1212,1.7847,1.9478,1.7836,1.4895,2.0691,2.0363,1.989,1.6336,0.99614,1.8406,1.1648,1.2497,2.1497,1.1981,1.8114,1.0331,2.0163,1.8295,1.5581,1.1856,1.5603,2.0081,2.1282,1.5273,1.4882,1.3605,1.9921,1.2856,1.6504,1.6241,1.7836,2.5649,2.4515,1.4447,1.2325,1.7701,1.5506,1.6432,1.211,1.2443,1.6603,1.349,2.1282,2.1843,2.7524,1.5476,1.258,1.1536,1.3091,1.1512,1.362,2.3338,1.4669,2.5449,1.3625,0.94065,1.4212,1.4791,1.4758,1.4453,1.5703,1.6097,1.4902,1.2541,1.2701,1.102,1.1832,1.0915,0.81822,2.688,1.7081,1.1773,1.9858,1.1284,1.8067,0.78362,1.5146,1.3303,1.106,1.1336,1.7985,1.1686,1.1826,1.6039,1.1298,1.5337,1.3384,1.0627,0,0,0,0,0,0,0,0,0,0,0,0,0,0,0,0,0,0,0,0,0,0,0,0,0,0,0,0,0,0,0,0,0,0,0,0,0,0,0,0,0,0,0,0,0,0,0,0,0,0,0,0,0,0,0,0,0,0,0,0,0,0,0,0,0,0,0,0,0,0,0,0,0,0,0,0,0,0,0,0,0,0,0,0,0,0,0,0,0,0,0,0,0,0,0,0,0,0,0,0,0,0,0,0,0,0,0,0,0,0,0,0,0,0,0,0,0,0,0,0,0,0,0,0,0,0,0,0,0,0,0,0,0,0,0,0,0,0,0,0,0,0,0,0,0,0,0,0,0,0,0,0,0,0,0,0,0,0,0,0,0,0,0,0,0,0,0,0,0,0,0,0,0,0,0,0,0,0,0,0,0,0,0,0,0,0,0,0,0,0,0,0,0
1.9078,2.2317,1.3114,1.1196,158.11,0.97397,3.7472,7.1367,1.3393,2.2362,2.3919,2.2799,2.7197,1.4212,2.8819,1.769,2.0763,1.2043,2.7197,1.4258,1.1235,1.3815,1.2466,1.9672,2.4398,1.8138,3.1942,2.2943,2.0246,2.0674,1.5366,2.0552,1.077,1.9643,1.9797,1.4817,1.9812,1.1031,2.0431,2.2034,2.6244,2.1478,1.541,3.544,1.1793,1.9091,1.1109,1.832,2.1458,3.0261,1.5395,1.624,1.8174,1.0293,1.1039,1.1104,1.3224,2.212,1.4447,2.1458,1.1645,1.528,1.4784,4.7444,1.852,1.3233,2.7197,1.0041,3.7792,1.7735,2.2682,1.6973,1.6577,1.6353,2.3213,2.4515,1.7409,1.4358,2.0263,2.3416,2.2055,2.0131,2.3264,1.8495,1.2451,1.2864,1.1725,1.3003,1.1536,0.98967,2.2207,1.7893,2.0926,2.0346,1.5893,0.80842,1.6319,1.1246,0.92428,1.5352,2.6613,1.7305,2.5254,2.4575,2.6959,2.1538,1.4557,1.2608,1.6828,1.8661,1.8994,1.4663,2.8039,2.4846,2.1245,1.8444,2.1093,1.3982,1.4417,2.0569,2.5191,4.5073,4.3843,2.0585,1.2211,1.6973,4.2401,1.7305,4.0416,1.7162,1.2262,1.9023,3.214,2.8818,1.8419,2.6426,2.926,2.3865,2.5549,3.4834,1.1545,1.9275,3.7367,0,0,0,0,0,0,0,0,0,0,0,0,0,0,0,0,0,0,0,0,0,0,0,0,0,0,0,0,0,0,0,0,0,0,0,0,0,0,0,0,0,0,0,0,0,0,0,0,0,0,0,0,0,0,0,0,0,0,0,0,0,0,0,0,0,0,0,0,0,0,0,0,0,0,0,0,0,0,0,0,0,0,0,0,0,0,0,0,0,0,0,0,0,0,0,0,0,0,0,0,0,0,0,0,0,0,0,0,0,0,0,0,0,0,0,0,0,0,0,0,0,0,0,0,0,0,0,0,0,0,0,0,0,0,0,0,0,0,0,0,0,0,0,0,0,0,0,0,0,0,0,0,0,0,0,0,0,0,0,0,0,0,0,0,0,0,0,0,0,0,0,0,0,0,0,0,0,0,0,0,0,0,0,0,0,0,0,0,0,0,0,0,0
1.4803,0.79685,2.9258,2.0962,0.97397,158.11,1.1187,0.99712,0.97618,1.2193,1.2941,0.97341,1.4143,1.9858,0.91404,1.1362,1.315,1.349,1.0886,1.2937,0.89223,0.70478,2.1699,0.83855,1.1502,1.2258,1.1391,0.99673,1.6837,1.8008,2.225,1.4797,3.0427,1.6875,1.0049,1.4369,1.1856,1.894,1.3369,1.2584,1.2873,1.1412,1.637,1.1923,3.162,0.97805,1.327,1.8443,1.114,1.1031,1.431,0.8252,1.1079,0.96377,1.2726,2.7196,3.0654,1.6982,2.0017,1.6014,1.4797,2.431,1.4121,0.92874,1.815,0.98947,1.1677,1.8507,1.1015,1.2856,1.0799,1.552,1.5344,1.3274,1.1099,1.5118,1.8369,1.5483,1.6658,1.2533,1.4155,1.7181,1.1466,1.1463,1.3379,1.4115,1.9303,3.037,1.6827,1.8444,1.3331,1.431,1.2805,1.1502,1.2669,1.2775,1.5153,2.0499,2.0603,1.7021,1.1592,0.92428,1.0804,1.0666,1.1243,1.1391,1.926,1.8648,2.0261,1.2178,0.8408,1.2697,1.2604,1.507,1.3069,1.1617,1.4758,1.242,1.135,1.1809,1.1198,1.0227,0.92826,0.7727,3.3183,1.3879,1.1009,1.7388,1.0577,1.6113,0.72885,1.6885,1.1215,0.90471,0.9385,1.3763,1.097,1.1451,1.283,1.0623,1.6022,1.2428,0.89196,0,0,0,0,0,0,0,0,0,0,0,0,0,0,0,0,0,0,0,0,0,0,0,0,0,0,0,0,0,0,0,0,0,0,0,0,0,0,0,0,0,0,0,0,0,0,0,0,0,0,0,0,0,0,0,0,0,0,0,0,0,0,0,0,0,0,0,0,0,0,0,0,0,0,0,0,0,0,0,0,0,0,0,0,0,0,0,0,0,0,0,0,0,0,0,0,0,0,0,0,0,0,0,0,0,0,0,0,0,0,0,0,0,0,0,0,0,0,0,0,0,0,0,0,0,0,0,0,0,0,0,0,0,0,0,0,0,0,0,0,0,0,0,0,0,0,0,0,0,0,0,0,0,0,0,0,0,0,0,0,0,0,0,0,0,0,0,0,0,0,0,0,0,0,0,0,0,0,0,0,0,0,0,0,0,0,0,0,0,0,0,0,0
2.138,1.6039,1.4212,1.1493,3.7472,1.1187,158.11,3.5441,1.2296,2.2407,2.5684,2.2895,4.5256,1.5403,2.5821,1.6406,2.6651,1.1906,3.1878,1.5673,1.2489,1.2524,1.3505,2.1243,2.849,1.7032,2.74,1.8151,2.038,2.3865,1.905,2.7524,1.2135,2.5994,3.0541,1.5057,1.9751,1.1275,2.7651,2.3651,2.2385,1.7091,1.5574,2.882,1.2818,1.7032,1.0789,2.4545,2.1781,3.2074,1.5743,1.898,2.0098,0.99811,1.3966,1.3336,1.6345,2.7318,1.9797,2.0926,1.1255,1.972,1.4376,4.3675,2.1225,1.1734,3.0429,1.0315,4.7445,1.5323,4.6016,1.7951,1.7233,2.0001,2.7117,3.5177,2.1074,1.3748,3.1558,2.1245,2.9987,2.2752,2.5995,1.5337,1.2204,1.224,1.1796,1.5309,1.4093,1.2435,1.9509,2.4085,2.2659,2.628,1.9766,0.82319,2.2034,1.2763,1.03,1.4962,2.0569,1.3228,3.0427,2.2185,3.7059,2.0034,1.6207,1.4804,1.8445,2.1168,1.7961,1.396,3.7901,4.1232,2.6501,1.679,2.4057,1.4739,1.437,1.9568,3.627,3.3785,2.4399,1.8845,1.3575,1.6724,9.2704,1.8995,5.2394,1.8271,1.1151,2.6842,2.967,1.7824,1.5181,2.3416,4.4891,3.2615,2.4605,4.0818,1.1988,2.1225,2.1949,0,0,0,0,0,0,0,0,0,0,0,0,0,0,0,0,0,0,0,0,0,0,0,0,0,0,0,0,0,0,0,0,0,0,0,0,0,0,0,0,0,0,0,0,0,0,0,0,0,0,0,0,0,0,0,0,0,0,0,0,0,0,0,0,0,0,0,0,0,0,0,0,0,0,0,0,0,0,0,0,0,0,0,0,0,0,0,0,0,0,0,0,0,0,0,0,0,0,0,0,0,0,0,0,0,0,0,0,0,0,0,0,0,0,0,0,0,0,0,0,0,0,0,0,0,0,0,0,0,0,0,0,0,0,0,0,0,0,0,0,0,0,0,0,0,0,0,0,0,0,0,0,0,0,0,0,0,0,0,0,0,0,0,0,0,0,0,0,0,0,0,0,0,0,0,0,0,0,0,0,0,0,0,0,0,0,0,0,0,0,0,0,0
1.6992,2.817,1.3388,1.1272,7.1367,0.99712,3.5441,158.11,1.5981,1.9133,2.0727,2.2776,2.5483,1.4358,2.65,2.2317,2.2566,1.278,3.6757,1.4613,1.0642,1.1597,1.3123,1.6014,2.1302,2.2207,4.9491,2.8398,2.0926,2.1558,1.5064,2.4605,1.1374,2.1498,2.1225,1.6915,2.3065,1.0725,2.3784,2.0799,2.9565,2.4312,1.7274,4.9982,1.1843,2.5483,1.1923,1.9406,1.7635,4.766,1.6992,1.4287,2.3677,1.1783,1.1184,1.1718,1.406,2.4057,1.5727,2.197,1.2648,1.5316,1.6963,5.519,1.8357,1.5251,3.9647,1.0767,4.9492,1.9735,2.4908,1.7182,1.8995,1.5476,2.9514,2.2847,1.7111,1.5845,1.9859,3.0372,2.5684,2.172,2.555,1.929,1.4099,1.4223,1.2541,1.3712,1.1933,1.0395,2.5385,1.8068,1.8981,2.1823,1.8223,0.82219,1.8927,1.1389,0.93374,1.5036,2.2497,1.8457,1.9969,2.1991,3.6958,2.6727,1.5821,1.4032,1.6915,1.5837,1.5446,1.6668,2.603,2.5995,2.0745,1.6992,2.5483,1.2937,1.7484,2.4456,3.1685,4.7233,7.1367,2.5031,1.2193,1.9812,3.9772,1.9464,5.7326,2.005,1.4471,2.1245,3.1188,2.3518,2.2967,2.8262,2.7318,2.9161,2.2407,5.4859,1.2681,2.4635,4.5632,0,0,0,0,0,0,0,0,0,0,0,0,0,0,0,0,0,0,0,0,0,0,0,0,0,0,0,0,0,0,0,0,0,0,0,0,0,0,0,0,0,0,0,0,0,0,0,0,0,0,0,0,0,0,0,0,0,0,0,0,0,0,0,0,0,0,0,0,0,0,0,0,0,0,0,0,0,0,0,0,0,0,0,0,0,0,0,0,0,0,0,0,0,0,0,0,0,0,0,0,0,0,0,0,0,0,0,0,0,0,0,0,0,0,0,0,0,0,0,0,0,0,0,0,0,0,0,0,0,0,0,0,0,0,0,0,0,0,0,0,0,0,0,0,0,0,0,0,0,0,0,0,0,0,0,0,0,0,0,0,0,0,0,0,0,0,0,0,0,0,0,0,0,0,0,0,0,0,0,0,0,0,0,0,0,0,0,0,0,0,0,0,0
1.0252,1.926,1.2355,1.102,1.3393,0.97618,1.2296,1.5981,158.11,1.0169,1.1235,1.1224,1.2064,1.1651,1.0978,4.6609,1.3025,1.624,1.6105,1.07,0.74091,0.68973,1.2616,0.81767,1.0468,3.4664,2.0568,1.9133,1.5417,1.4369,1.0673,1.7613,1.1767,1.5315,1.1121,1.9303,1.6064,0.92333,1.4688,1.1304,1.743,2.2775,1.9161,1.939,1.0666,3.7682,1.802,1.3146,0.92778,1.9478,1.6752,0.77325,2.4029,2.9159,0.84524,1.1077,1.2911,1.5573,1.3123,1.5294,1.802,1.1173,2.9159,1.3303,1.2916,5.3892,1.9643,1.4235,1.4752,2.1458,1.2258,1.2157,1.8766,0.97305,1.5908,1.1954,1.1327,2.0999,1.1731,2.5515,1.6649,1.5084,1.3233,1.4962,2.3288,2.3703,1.6014,1.2681,0.97638,0.94484,1.9449,1.1292,1.0635,1.2036,1.4021,0.83596,1.5695,0.97047,0.86693,1.1903,1.1823,1.6147,0.94875,1.0912,1.6576,1.8994,1.5022,1.664,1.2576,0.9025,0.80538,2.8536,1.2251,1.3676,1.1266,1.0493,1.8765,0.86203,2.9616,2.2751,1.5941,1.3625,1.7171,1.4098,1.0712,2.1017,1.249,1.7202,1.4791,2.134,2.3186,1.5223,1.2801,1.2047,2.5031,1.6432,1.1249,1.4575,1.1451,1.6414,1.9376,2.2383,1.538,0,0,0,0,0,0,0,0,0,0,0,0,0,0,0,0,0,0,0,0,0,0,0,0,0,0,0,0,0,0,0,0,0,0,0,0,0,0,0,0,0,0,0,0,0,0,0,0,0,0,0,0,0,0,0,0,0,0,0,0,0,0,0,0,0,0,0,0,0,0,0,0,0,0,0,0,0,0,0,0,0,0,0,0,0,0,0,0,0,0,0,0,0,0,0,0,0,0,0,0,0,0,0,0,0,0,0,0,0,0,0,0,0,0,0,0,0,0,0,0,0,0,0,0,0,0,0,0,0,0,0,0,0,0,0,0,0,0,0,0,0,0,0,0,0,0,0,0,0,0,0,0,0,0,0,0,0,0,0,0,0,0,0,0,0,0,0,0,0,0,0,0,0,0,0,0,0,0,0,0,0,0,0,0,0,0,0,0,0,0,0,0,0
3.2895,1.2078,1.7032,1.4739,2.2362,1.2193,2.2407,1.9133,1.0169,158.11,2.5417,2.2384,3.2684,2.2317,2.2799,1.2706,2.2967,1.0876,1.7527,2.0551,1.4037,1.4914,1.6424,1.7483,3.8802,1.3355,1.8394,1.6531,2.2273,2.5889,2.6029,1.6468,1.3279,1.7613,1.6006,1.4989,1.8753,1.7346,1.878,4.3346,2.3865,1.5417,1.6181,2.0329,1.7051,1.2036,1.0293,2.304,7.2863,1.6031,1.5998,1.7858,1.2553,0.89639,1.4143,1.363,1.5216,2.1949,1.5009,2.4029,1.2288,2.2251,1.2835,1.7284,2.1037,1.0351,1.6743,1.1176,2.0999,1.6477,1.5735,2.8583,1.6953,2.6613,1.7071,3.0772,3.2614,1.4393,2.365,1.6762,1.6504,2.4369,2.2729,2.0709,1.2061,1.2153,1.2881,1.6267,1.5308,1.1391,2.0397,2.3339,4.8323,2.0727,1.5216,1.0532,1.4689,1.6752,1.2489,2.4664,4.2401,1.5167,3.3405,4.2249,1.6415,1.7494,1.6914,1.1764,2.6688,3.5529,2.4723,1.195,2.7197,2.2658,3.4834,4.3675,1.8661,3.5089,1.1964,1.3738,1.4982,2.4545,1.7051,1.1318,1.6567,1.6258,2.5287,1.8623,1.919,1.6081,0.84657,1.7264,3.2684,1.8494,1.3201,2.6136,2.7864,1.8032,8.9669,1.7315,1.0735,1.4689,1.7473,0,0,0,0,0,0,0,0,0,0,0,0,0,0,0,0,0,0,0,0,0,0,0,0,0,0,0,0,0,0,0,0,0,0,0,0,0,0,0,0,0,0,0,0,0,0,0,0,0,0,0,0,0,0,0,0,0,0,0,0,0,0,0,0,0,0,0,0,0,0,0,0,0,0,0,0,0,0,0,0,0,0,0,0,0,0,0,0,0,0,0,0,0,0,0,0,0,0,0,0,0,0,0,0,0,0,0,0,0,0,0,0,0,0,0,0,0,0,0,0,0,0,0,0,0,0,0,0,0,0,0,0,0,0,0,0,0,0,0,0,0,0,0,0,0,0,0,0,0,0,0,0,0,0,0,0,0,0,0,0,0,0,0,0,0,0,0,0,0,0,0,0,0,0,0,0,0,0,0,0,0,0,0,0,0,0,0,0,0,0,0,0,0
5.3278,1.249,1.894,1.4065,2.3919,1.2941,2.5684,2.0727,1.1235,2.5417,158.11,1.4447,3.4749,1.6604,1.5476,1.4557,1.6866,1.5194,1.6284,1.302,1.0661,1.3407,1.3753,1.9448,2.1074,1.6371,1.8819,1.4088,2.8915,2.6426,2.2635,2.0098,1.2367,2.61,1.4311,1.3393,1.452,1.5216,1.6577,1.9318,2.0621,1.9508,1.5301,2.2317,1.6114,1.3565,1.2959,2.0656,2.6136,1.8766,1.4088,1.3737,1.4021,0.90147,1.1123,1.26,1.6866,2.7524,1.6622,2.936,1.2033,2.2317,1.5111,1.8308,3.9771,1.1776,1.7962,1.0904,1.9523,1.6522,1.7712,1.7305,1.528,1.7192,1.5167,4.5822,2.2098,1.5091,3.4018,1.8369,2.3597,2.1558,1.5982,1.5374,1.167,1.3569,1.351,1.5766,1.2064,1.0825,1.9092,1.7378,2.1055,1.5167,1.3182,0.85795,1.5566,1.2734,1.0661,2.0448,2.8127,1.2767,3.2895,1.8009,1.7646,1.4797,1.5195,1.4496,2.2543,3.2614,1.6485,1.5315,2.5684,3.1248,1.8941,1.7505,1.852,1.5719,1.1747,1.9953,1.9362,1.8873,1.6866,1.193,1.9147,1.4791,2.3263,1.7399,1.9494,1.6724,0.92066,2.2273,1.9628,2.3262,1.2296,2.4486,1.9781,1.619,2.7197,1.8469,1.335,1.5036,1.5461,0,0,0,0,0,0,0,0,0,0,0,0,0,0,0,0,0,0,0,0,0,0,0,0,0,0,0,0,0,0,0,0,0,0,0,0,0,0,0,0,0,0,0,0,0,0,0,0,0,0,0,0,0,0,0,0,0,0,0,0,0,0,0,0,0,0,0,0,0,0,0,0,0,0,0,0,0,0,0,0,0,0,0,0,0,0,0,0,0,0,0,0,0,0,0,0,0,0,0,0,0,0,0,0,0,0,0,0,0,0,0,0,0,0,0,0,0,0,0,0,0,0,0,0,0,0,0,0,0,0,0,0,0,0,0,0,0,0,0,0,0,0,0,0,0,0,0,0,0,0,0,0,0,0,0,0,0,0,0,0,0,0,0,0,0,0,0,0,0,0,0,0,0,0,0,0,0,0,0,0,0,0,0,0,0,0,0,0,0,0,0,0,0
1.4644,1.5528,1.1991,1.1034,2.2799,0.97341,2.2895,2.2776,1.1224,2.2384,1.4447,158.11,2.1498,1.6267,6.9281,1.3732,3.4418,0.91465,2.9111,2.5417,1.4836,1.156,1.4399,1.4059,2.9934,1.3312,2.2407,2.4113,1.5252,1.8211,1.5703,1.6752,1.1923,1.4817,2.6842,1.6705,2.988,1.0871,2.6065,3.4176,2.2229,1.3625,1.5521,2.0944,1.1823,1.4252,0.89539,1.9859,1.9434,1.9148,1.7274,1.9161,1.5491,1.0317,1.5981,1.2813,1.2933,1.7462,1.4405,1.6023,1.1391,1.5188,1.2089,2.3263,1.363,1.054,2.1225,1.034,3.1496,1.4849,1.9106,2.2163,1.8032,2.1399,3.0041,1.8151,1.9376,1.2835,1.6433,1.7559,1.5514,2.005,5.3581,1.9376,1.2718,1.1055,1.0996,1.3743,1.5941,1.1632,1.8927,2.4575,2.5583,4.5072,2.2752,0.96038,1.665,1.4166,1.0784,1.434,1.8981,1.6415,1.8198,4.1232,2.1865,2.5855,1.6232,1.1143,1.6522,1.541,1.8481,1.1039,2.2991,1.8407,3.544,2.2967,2.0229,1.795,1.4915,1.2835,1.6641,4.2865,2.2475,1.5949,1.1143,1.7916,3.0096,1.7882,2.6881,1.6039,1.028,1.5766,4.8321,1.3988,1.7746,2.0296,4.0954,3.0205,2.3947,2.3493,0.97048,1.8558,2.5994,0,0,0,0,0,0,0,0,0,0,0,0,0,0,0,0,0,0,0,0,0,0,0,0,0,0,0,0,0,0,0,0,0,0,0,0,0,0,0,0,0,0,0,0,0,0,0,0,0,0,0,0,0,0,0,0,0,0,0,0,0,0,0,0,0,0,0,0,0,0,0,0,0,0,0,0,0,0,0,0,0,0,0,0,0,0,0,0,0,0,0,0,0,0,0,0,0,0,0,0,0,0,0,0,0,0,0,0,0,0,0,0,0,0,0,0,0,0,0,0,0,0,0,0,0,0,0,0,0,0,0,0,0,0,0,0,0,0,0,0,0,0,0,0,0,0,0,0,0,0,0,0,0,0,0,0,0,0,0,0,0,0,0,0,0,0,0,0,0,0,0,0,0,0,0,0,0,0,0,0,0,0,0,0,0,0,0,0,0,0,0,0,0
3.4582,1.3589,1.9583,1.4638,2.7197,1.4143,4.5256,2.5483,1.2064,3.2684,3.4749,2.1498,158.11,2.1679,2.1782,1.6232,3.1128,1.3159,2.5191,1.8954,1.3073,1.2214,1.7494,1.8258,3.4501,1.7484,2.5287,1.7668,2.926,4.0683,3.2206,2.926,1.5188,3.3112,2.2362,1.7305,2.1188,1.4869,2.9111,3.2207,2.7077,1.8139,1.8968,2.8725,1.7526,1.5287,1.1947,3.94,2.8536,2.4664,1.832,1.6952,1.7735,1.0144,1.5734,1.6631,2.1638,4.21,2.4113,3.0261,1.3078,3.2615,1.5941,2.3703,3.2074,1.1886,2.5787,1.2128,3.2615,1.7713,2.6726,2.5255,2.0621,2.61,2.352,10.638,3.6957,1.6301,6.2955,2.2318,3.0542,3.4419,2.6651,1.787,1.3565,1.3874,1.4276,2.0639,1.7202,1.4217,2.334,3.1311,3.2207,2.6065,2.0246,0.96376,2.3289,1.6585,1.2632,2.0963,2.6538,1.3853,3.4175,2.5583,2.6575,2.0466,2.0692,1.6531,2.931,2.906,1.7734,1.4909,4.5634,6.7371,3.6659,2.1498,2.8217,1.9419,1.4514,1.9162,2.519,2.8083,1.9859,1.3912,1.8753,1.9176,4.3676,2.4545,3.0042,2.1659,0.99043,3.3039,3.214,1.7624,1.4539,3.1128,3.7684,2.7077,3.8232,2.6727,1.3374,2.0674,1.8546,0,0,0,0,0,0,0,0,0,0,0,0,0,0,0,0,0,0,0,0,0,0,0,0,0,0,0,0,0,0,0,0,0,0,0,0,0,0,0,0,0,0,0,0,0,0,0,0,0,0,0,0,0,0,0,0,0,0,0,0,0,0,0,0,0,0,0,0,0,0,0,0,0,0,0,0,0,0,0,0,0,0,0,0,0,0,0,0,0,0,0,0,0,0,0,0,0,0,0,0,0,0,0,0,0,0,0,0,0,0,0,0,0,0,0,0,0,0,0,0,0,0,0,0,0,0,0,0,0,0,0,0,0,0,0,0,0,0,0,0,0,0,0,0,0,0,0,0,0,0,0,0,0,0,0,0,0,0,0,0,0,0,0,0,0,0,0,0,0,0,0,0,0,0,0,0,0,0,0,0,0,0,0,0,0,0,0,0,0,0,0,0,0
2.0262,1.0686,2.988,3.0371,1.4212,1.9858,1.5403,1.4358,1.1651,2.2317,1.6604,1.6267,2.1679,158.11,1.4441,1.4382,2.3784,1.2548,1.6156,2.7608,1.2763,0.90871,4.7877,1.0468,2.0517,1.5146,1.7388,1.6198,2.5925,3.348,3.6366,1.8482,2.8127,1.9347,1.354,2.4312,2.1741,2.4906,2.0926,2.7735,2.4369,1.5388,2.8172,1.8395,3.7899,1.2401,1.266,3.1943,1.7646,1.4765,2.8083,1.1044,1.3605,1.1335,1.6327,2.5254,2.4816,2.5095,1.9986,2.6464,1.9493,3.1813,1.6705,1.2689,2.138,1.1728,1.6486,1.9582,1.6752,2.0534,1.3393,5.3278,2.7608,2.4907,1.6819,2.1886,4.5072,2.174,2.0926,1.8558,1.6781,3.6559,2.0414,2.2475,1.8103,1.664,2.1699,3.6957,2.3703,1.5868,2.4085,2.6538,2.7566,1.8954,1.8508,1.701,1.8271,4.0414,2.3863,3.562,2.0296,1.4843,1.4982,2.018,1.523,1.9391,3.9523,1.5696,5.2394,1.7212,1.1964,1.4037,2.0763,2.0363,2.5855,2.4846,2.3677,2.3441,1.5195,1.3821,1.361,1.6659,1.363,0.97694,2.5158,2.3838,1.6459,3.2073,1.5153,2.3811,0.85544,1.9812,2.0586,1.2374,1.379,2.5855,1.7253,1.7002,2.5417,1.4823,1.4121,1.7452,1.3525,0,0,0,0,0,0,0,0,0,0,0,0,0,0,0,0,0,0,0,0,0,0,0,0,0,0,0,0,0,0,0,0,0,0,0,0,0,0,0,0,0,0,0,0,0,0,0,0,0,0,0,0,0,0,0,0,0,0,0,0,0,0,0,0,0,0,0,0,0,0,0,0,0,0,0,0,0,0,0,0,0,0,0,0,0,0,0,0,0,0,0,0,0,0,0,0,0,0,0,0,0,0,0,0,0,0,0,0,0,0,0,0,0,0,0,0,0,0,0,0,0,0,0,0,0,0,0,0,0,0,0,0,0,0,0,0,0,0,0,0,0,0,0,0,0,0,0,0,0,0,0,0,0,0,0,0,0,0,0,0,0,0,0,0,0,0,0,0,0,0,0,0,0,0,0,0,0,0,0,0,0,0,0,0,0,0,0,0,0,0,0,0,0
1.5063,1.679,1.138,1.0368,2.8819,0.91404,2.5821,2.65,1.0978,2.2799,1.5476,6.9281,2.1782,1.4441,158.11,1.3451,2.6316,0.91526,2.7318,1.919,1.4154,1.3255,1.2661,1.6603,3.026,1.3155,2.2273,2.2497,1.4949,1.7131,1.4644,1.6131,1.0708,1.4601,2.582,1.4594,2.3415,1.0368,2.2055,2.8771,2.1018,1.3939,1.4021,2.1321,1.1031,1.4322,0.88301,1.7724,2.1018,1.9766,1.5202,2.199,1.5023,0.96647,1.3758,1.1397,1.2005,1.6838,1.335,1.5735,1.0582,1.4189,1.1667,2.8771,1.364,1.0434,2.0781,0.95029,3.2683,1.4235,1.9906,1.8727,1.5821,1.9376,2.6029,1.847,1.7505,1.21,1.6345,1.7042,1.5543,1.8091,3.544,1.7881,1.1607,1.0608,1.0324,1.2432,1.349,1.0482,1.7836,2.0981,2.3892,3.1433,1.8597,0.86745,1.523,1.2363,0.97507,1.364,2.0082,1.6022,2.0745,3.8685,2.1823,2.2229,1.4264,1.0652,1.5287,1.6318,2.2184,1.0938,2.3545,1.8382,2.8536,2.1321,1.8345,1.6576,1.359,1.3187,1.7346,5.155,2.5549,1.7602,1.069,1.5901,3.4833,1.5925,2.9462,1.4733,1.0431,1.5202,4.4356,1.5908,1.6934,1.9658,4.3346,2.6726,2.3892,2.4785,0.94149,1.7091,3.0205,0,0,0,0,0,0,0,0,0,0,0,0,0,0,0,0,0,0,0,0,0,0,0,0,0,0,0,0,0,0,0,0,0,0,0,0,0,0,0,0,0,0,0,0,0,0,0,0,0,0,0,0,0,0,0,0,0,0,0,0,0,0,0,0,0,0,0,0,0,0,0,0,0,0,0,0,0,0,0,0,0,0,0,0,0,0,0,0,0,0,0,0,0,0,0,0,0,0,0,0,0,0,0,0,0,0,0,0,0,0,0,0,0,0,0,0,0,0,0,0,0,0,0,0,0,0,0,0,0,0,0,0,0,0,0,0,0,0,0,0,0,0,0,0,0,0,0,0,0,0,0,0,0,0,0,0,0,0,0,0,0,0,0,0,0,0,0,0,0,0,0,0,0,0,0,0,0,0,0,0,0,0,0,0,0,0,0,0,0,0,0,0,0
1.2972,2.1658,1.5395,1.2784,1.769,1.1362,1.6406,2.2317,4.6609,1.2706,1.4557,1.3732,1.6232,1.4382,1.3451,158.11,1.7061,1.8752,2.2251,1.2814,0.845,0.78877,1.523,0.97488,1.3128,9.2703,3.3555,2.4457,2.1782,2.0147,1.35,2.7156,1.3811,2.2207,1.3779,2.4575,2.0944,1.0764,1.9986,1.4305,2.5319,3.3631,2.5786,3.1621,1.2797,5.6951,1.9332,1.7701,1.14,3.0772,2.1055,0.90948,3.5711,2.1537,0.98658,1.32,1.6495,2.3015,1.7101,2.1558,1.975,1.4305,4.24,1.7274,1.7336,3.6557,3.131,1.5454,2.0448,2.9062,1.5885,1.5337,2.589,1.1899,2.1458,1.6031,1.4533,2.688,1.5596,5.1826,2.5158,2.1206,1.7101,1.8382,2.5384,2.7196,1.8635,1.5893,1.1558,1.0959,2.8964,1.4293,1.3317,1.5223,1.769,0.89883,2.1399,1.1418,0.98181,1.4771,1.5023,1.8138,1.1823,1.3525,2.381,2.5994,1.9304,2.1168,1.6362,1.109,0.95149,3.8119,1.6164,1.9289,1.437,1.2751,2.931,1.0246,3.45,3.6856,2.2612,1.7951,2.2847,1.6301,1.306,2.931,1.6631,2.434,2.0448,3.3257,1.9317,2.1886,1.6715,1.472,2.8771,2.3865,1.4417,1.9613,1.4733,2.3441,2.2294,3.4834,1.9347,0,0,0,0,0,0,0,0,0,0,0,0,0,0,0,0,0,0,0,0,0,0,0,0,0,0,0,0,0,0,0,0,0,0,0,0,0,0,0,0,0,0,0,0,0,0,0,0,0,0,0,0,0,0,0,0,0,0,0,0,0,0,0,0,0,0,0,0,0,0,0,0,0,0,0,0,0,0,0,0,0,0,0,0,0,0,0,0,0,0,0,0,0,0,0,0,0,0,0,0,0,0,0,0,0,0,0,0,0,0,0,0,0,0,0,0,0,0,0,0,0,0,0,0,0,0,0,0,0,0,0,0,0,0,0,0,0,0,0,0,0,0,0,0,0,0,0,0,0,0,0,0,0,0,0,0,0,0,0,0,0,0,0,0,0,0,0,0,0,0,0,0,0,0,0,0,0,0,0,0,0,0,0,0,0,0,0,0,0,0,0,0,0
1.7624,1.4363,1.6486,1.3982,2.0763,1.315,2.6651,2.2566,1.3025,2.2967,1.6866,3.4418,3.1128,2.3784,2.6316,1.7061,158.11,1.111,3.812,3.4337,1.4059,0.9961,2.1458,1.2937,2.9463,1.6876,2.8083,2.3598,2.0908,2.9722,2.3545,2.6881,1.7399,2.2142,2.936,2.4664,4.3676,1.3056,7.2868,3.9899,2.9013,1.5766,2.2847,2.639,1.5925,1.6345,1.0845,4.2402,1.8779,2.3975,2.5032,1.5329,2.0363,1.2099,2.087,1.9859,2.0313,2.8173,2.4113,2.1659,1.4375,2.3865,1.5735,2.1419,1.8395,1.2057,2.967,1.349,3.7792,1.8151,2.3784,3.3556,2.916,2.6688,4.3844,2.5191,3.131,1.6828,2.4198,2.3365,2.2362,3.656,7.8973,2.0674,1.6531,1.3874,1.4429,2.1949,2.4544,1.6714,2.5033,4.5824,2.9013,8.1016,4.4533,1.1071,2.921,1.9906,1.3895,1.7962,1.9362,1.5558,1.8308,2.8772,2.9775,3.3332,2.7197,1.5774,2.4664,1.6687,1.455,1.3686,2.9566,2.8537,5.8094,2.1991,3.7059,1.8753,1.9361,1.5758,2.1206,3.2341,2.038,1.4771,1.4856,2.628,3.2477,3.131,3.0151,2.5159,1.0668,2.5484,4.1374,1.3388,1.8271,2.7198,3.8802,4.9736,2.6765,2.7865,1.2517,2.7995,2.0465,0,0,0,0,0,0,0,0,0,0,0,0,0,0,0,0,0,0,0,0,0,0,0,0,0,0,0,0,0,0,0,0,0,0,0,0,0,0,0,0,0,0,0,0,0,0,0,0,0,0,0,0,0,0,0,0,0,0,0,0,0,0,0,0,0,0,0,0,0,0,0,0,0,0,0,0,0,0,0,0,0,0,0,0,0,0,0,0,0,0,0,0,0,0,0,0,0,0,0,0,0,0,0,0,0,0,0,0,0,0,0,0,0,0,0,0,0,0,0,0,0,0,0,0,0,0,0,0,0,0,0,0,0,0,0,0,0,0,0,0,0,0,0,0,0,0,0,0,0,0,0,0,0,0,0,0,0,0,0,0,0,0,0,0,0,0,0,0,0,0,0,0,0,0,0,0,0,0,0,0,0,0,0,0,0,0,0,0,0,0,0,0,0
1.3645,1.1115,1.8661,1.4138,1.2043,1.349,1.1906,1.278,1.624,1.0876,1.5194,0.91465,1.3159,1.2548,0.91526,1.8752,1.111,158.11,1.1651,0.94468,0.71486,0.73298,1.2813,0.88067,1.0246,2.2966,1.4369,1.1725,2.0585,1.6318,1.2985,1.6576,1.2784,1.926,0.93537,1.3717,1.1445,1.2255,1.1971,1.0693,1.479,2.2054,1.6353,1.5664,1.42,1.4982,5.5189,1.3544,1.0192,1.4393,1.3237,0.75248,1.4115,1.2029,0.80928,1.1638,1.6022,1.7712,1.4087,1.9246,1.6504,1.3779,2.6725,1.0967,2.0162,1.9493,1.4009,1.4594,1.1903,1.8055,1.1115,1.1786,1.4606,0.98697,1.1307,1.4304,1.2505,2.078,1.4369,1.7569,1.7881,1.5111,1.057,1.2412,1.4922,2.5031,2.013,1.4502,0.94282,0.95933,1.6181,1.0782,1.0752,0.99653,1.0705,0.83457,1.3584,1.0159,0.94652,1.4752,1.2796,1.1433,1.058,0.99574,1.2718,1.2262,1.4087,2.0499,1.4908,1.085,0.81495,3.5985,1.2288,1.5223,1.0608,1.0322,1.5287,0.91221,1.3247,2.4544,1.4009,1.1047,1.205,0.96199,1.6752,1.4644,1.1421,1.5573,1.195,1.7712,1.0539,1.6866,1.1055,1.295,1.1923,1.5957,1.025,1.1263,1.1998,1.2533,3.6656,1.4093,1.0894,0,0,0,0,0,0,0,0,0,0,0,0,0,0,0,0,0,0,0,0,0,0,0,0,0,0,0,0,0,0,0,0,0,0,0,0,0,0,0,0,0,0,0,0,0,0,0,0,0,0,0,0,0,0,0,0,0,0,0,0,0,0,0,0,0,0,0,0,0,0,0,0,0,0,0,0,0,0,0,0,0,0,0,0,0,0,0,0,0,0,0,0,0,0,0,0,0,0,0,0,0,0,0,0,0,0,0,0,0,0,0,0,0,0,0,0,0,0,0,0,0,0,0,0,0,0,0,0,0,0,0,0,0,0,0,0,0,0,0,0,0,0,0,0,0,0,0,0,0,0,0,0,0,0,0,0,0,0,0,0,0,0,0,0,0,0,0,0,0,0,0,0,0,0,0,0,0,0,0,0,0,0,0,0,0,0,0,0,0,0,0,0,0
1.5002,2.1017,1.3691,1.1661,2.7197,1.0886,3.1878,3.6757,1.6105,1.7527,1.6284,2.9111,2.5191,1.6156,2.7318,2.2251,3.812,1.1651,158.11,1.8927,1.1802,0.97802,1.5469,1.3232,2.2099,2.0799,4.7878,3.0372,1.9037,2.2752,1.6336,3.1249,1.3461,2.2273,3.3707,2.1659,3.6176,1.0611,4.9736,2.3339,2.7995,1.8284,1.997,3.6176,1.247,2.4515,1.1238,2.497,1.5528,4.6614,2.1341,1.4211,3.2614,1.3393,1.4423,1.4607,1.6468,2.5287,2.0279,1.9598,1.3374,1.7042,1.6973,3.5441,1.6752,1.4132,6.5609,1.1933,8.2104,1.837,3.1749,1.9859,2.4457,1.7825,13.318,2.1322,1.9134,1.6164,2.0363,2.9774,2.6576,2.5418,4.3844,1.8571,1.6181,1.4093,1.3092,1.6301,1.5543,1.32,2.4665,2.4428,1.9781,3.8571,3.4177,0.90366,2.9111,1.3456,1.0673,1.4441,1.7473,1.6424,1.6762,2.1802,7.3655,3.9647,1.9986,1.5933,1.7757,1.4189,1.3466,1.5395,2.6576,2.6998,2.5995,1.6495,3.627,1.336,2.3089,1.975,3.2825,4.1805,3.2409,2.3622,1.2329,2.4634,3.8232,2.4428,6.6181,2.4312,1.4251,2.5033,3.3258,1.4804,2.4254,2.5191,3.2409,10.405,2.0296,7.2107,1.2877,4.0955,2.9617,0,0,0,0,0,0,0,0,0,0,0,0,0,0,0,0,0,0,0,0,0,0,0,0,0,0,0,0,0,0,0,0,0,0,0,0,0,0,0,0,0,0,0,0,0,0,0,0,0,0,0,0,0,0,0,0,0,0,0,0,0,0,0,0,0,0,0,0,0,0,0,0,0,0,0,0,0,0,0,0,0,0,0,0,0,0,0,0,0,0,0,0,0,0,0,0,0,0,0,0,0,0,0,0,0,0,0,0,0,0,0,0,0,0,0,0,0,0,0,0,0,0,0,0,0,0,0,0,0,0,0,0,0,0,0,0,0,0,0,0,0,0,0,0,0,0,0,0,0,0,0,0,0,0,0,0,0,0,0,0,0,0,0,0,0,0,0,0,0,0,0,0,0,0,0,0,0,0,0,0,0,0,0,0,0,0,0,0,0,0,0,0,0
1.4714,1.1154,1.5316,1.4752,1.4258,1.2937,1.5673,1.4613,1.07,2.0551,1.302,2.5417,1.8954,2.7608,1.919,1.2814,3.4337,0.94468,1.8927,158.11,1.4612,0.91416,2.4907,1.0491,2.2098,1.2685,1.7121,1.815,1.631,2.0889,2.0926,1.6089,1.8407,1.485,1.7233,2.1865,2.931,1.431,2.4785,3.3631,2.0781,1.2463,1.9843,1.6715,1.665,1.1995,0.95426,2.5287,1.6604,1.4551,2.2207,1.3096,1.3525,1.0959,2.2681,1.9859,1.6576,1.8079,1.6818,1.6886,1.42,1.9598,1.2818,1.3738,1.4264,1.0207,1.6631,1.3922,1.8727,1.5634,1.4224,4.0817,2.3113,2.4908,2.0871,1.7131,2.7318,1.4975,1.6424,1.6089,1.4235,2.4604,3.1248,2.0499,1.5366,1.2307,1.3811,2.0098,3.0484,1.5726,1.919,2.931,2.582,3.0205,2.5063,1.4694,1.7602,2.7994,1.6885,1.8103,1.6678,1.4714,1.4223,2.5718,1.6106,2.2339,2.4226,1.2344,2.2251,1.434,1.3055,1.108,1.8636,1.6983,3.571,2.5032,2.0981,2.3703,1.5352,1.1561,1.3187,1.9568,1.4281,1.0754,1.3971,2.1092,1.787,2.304,1.6495,1.8345,0.86929,1.6048,2.5254,1.1052,1.4726,1.9643,2.1321,2.0889,2.2034,1.5719,1.0642,1.7305,1.5029,0,0,0,0,0,0,0,0,0,0,0,0,0,0,0,0,0,0,0,0,0,0,0,0,0,0,0,0,0,0,0,0,0,0,0,0,0,0,0,0,0,0,0,0,0,0,0,0,0,0,0,0,0,0,0,0,0,0,0,0,0,0,0,0,0,0,0,0,0,0,0,0,0,0,0,0,0,0,0,0,0,0,0,0,0,0,0,0,0,0,0,0,0,0,0,0,0,0,0,0,0,0,0,0,0,0,0,0,0,0,0,0,0,0,0,0,0,0,0,0,0,0,0,0,0,0,0,0,0,0,0,0,0,0,0,0,0,0,0,0,0,0,0,0,0,0,0,0,0,0,0,0,0,0,0,0,0,0,0,0,0,0,0,0,0,0,0,0,0,0,0,0,0,0,0,0,0,0,0,0,0,0,0,0,0,0,0,0,0,0,0,0,0
1.1502,0.84827,0.95477,1.0211,1.1235,0.89223,1.2489,1.0642,0.74091,1.4037,1.0661,1.4836,1.3073,1.2763,1.4154,0.845,1.4059,0.71486,1.1802,1.4612,158.11,1.0484,1.0651,1.1427,1.916,0.84852,1.0622,1.0377,1.0201,1.1508,1.2636,1.0461,0.97156,1.0256,1.3485,1.0045,1.1933,0.95633,1.2652,1.6257,1.1109,0.86177,0.98599,1.0608,1.0226,0.84199,0.69244,1.2532,1.3965,1.0148,1.1885,1.5468,0.92665,0.71428,1.5649,1.0697,1.0175,1.1087,1.0732,1.0422,0.81408,1.2078,0.82509,1.1176,1.0115,0.71457,1.0702,0.80642,1.24,0.9151,1.1763,1.3154,1.0493,2.3569,1.1984,1.2344,1.3579,0.87526,1.2043,0.97898,1.0125,1.1734,1.3917,1.0431,0.84524,0.78459,0.83088,1.0896,1.3298,1.0584,1.0342,1.8089,1.7926,1.4881,1.2046,0.88409,1.0794,1.2928,1.1953,1.0463,1.1508,0.91023,1.3173,1.4842,1.1068,1.1077,1.1505,0.85307,1.1563,1.3917,1.3619,0.77436,1.5788,1.1708,1.5852,1.3354,1.1052,1.5063,0.88926,0.85085,1.01,1.2701,1.0261,0.90234,0.9539,1.0104,1.3242,1.0855,1.1721,0.99532,0.68263,1.0685,1.381,0.90693,0.90693,1.1096,1.5042,1.2462,1.3393,1.1096,0.74271,1.0463,1.0589,0,0,0,0,0,0,0,0,0,0,0,0,0,0,0,0,0,0,0,0,0,0,0,0,0,0,0,0,0,0,0,0,0,0,0,0,0,0,0,0,0,0,0,0,0,0,0,0,0,0,0,0,0,0,0,0,0,0,0,0,0,0,0,0,0,0,0,0,0,0,0,0,0,0,0,0,0,0,0,0,0,0,0,0,0,0,0,0,0,0,0,0,0,0,0,0,0,0,0,0,0,0,0,0,0,0,0,0,0,0,0,0,0,0,0,0,0,0,0,0,0,0,0,0,0,0,0,0,0,0,0,0,0,0,0,0,0,0,0,0,0,0,0,0,0,0,0,0,0,0,0,0,0,0,0,0,0,0,0,0,0,0,0,0,0,0,0,0,0,0,0,0,0,0,0,0,0,0,0,0,0,0,0,0,0,0,0,0,0,0,0,0,0
1.3127,0.90901,0.84067,0.79212,1.3815,0.70478,1.2524,1.1597,0.68973,1.4914,1.3407,1.156,1.2214,0.90871,1.3255,0.78877,0.9961,0.73298,0.97802,0.91416,1.0484,158.11,0.7841,2.3414,1.3998,0.81225,0.98655,0.93323,0.99216,1.0039,1.0051,0.89322,0.70873,0.93209,1.0119,0.77876,0.91188,0.87997,0.92679,1.2067,1.0235,0.92631,0.80705,1.0357,0.82904,0.80381,0.6839,0.95475,1.8149,0.96429,0.82307,1.715,0.79674,0.60137,0.82228,0.72955,0.79442,0.98501,0.81505,1.023,0.70241,0.95545,0.75921,1.1956,1.0205,0.70408,0.94096,0.64979,1.1025,0.86901,1.0215,0.98944,0.82791,1.1391,0.93666,1.2057,1.0484,0.78103,1.0893,0.90306,0.93535,0.96429,1.0364,0.96898,0.69781,0.72546,0.72063,0.79836,0.79212,0.68719,0.94854,1.0226,1.2863,1.0135,0.82587,0.63721,0.81733,0.80873,0.71282,0.98847,1.3981,0.91493,1.843,1.3489,0.96304,0.90499,0.81483,0.71662,0.98046,1.6521,2.8533,0.7593,1.2273,1.0663,1.1459,1.2412,0.9016,1.2124,0.72319,0.88079,0.95984,1.2225,1.0906,0.91022,0.85194,0.82407,1.2729,0.86125,1.103,0.82396,0.66366,0.90766,1.2243,1.4298,0.82643,1.0556,1.2817,0.97081,1.3465,1.0284,0.68123,0.83306,1.1184,0,0,0,0,0,0,0,0,0,0,0,0,0,0,0,0,0,0,0,0,0,0,0,0,0,0,0,0,0,0,0,0,0,0,0,0,0,0,0,0,0,0,0,0,0,0,0,0,0,0,0,0,0,0,0,0,0,0,0,0,0,0,0,0,0,0,0,0,0,0,0,0,0,0,0,0,0,0,0,0,0,0,0,0,0,0,0,0,0,0,0,0,0,0,0,0,0,0,0,0,0,0,0,0,0,0,0,0,0,0,0,0,0,0,0,0,0,0,0,0,0,0,0,0,0,0,0,0,0,0,0,0,0,0,0,0,0,0,0,0,0,0,0,0,0,0,0,0,0,0,0,0,0,0,0,0,0,0,0,0,0,0,0,0,0,0,0,0,0,0,0,0,0,0,0,0,0,0,0,0,0,0,0,0,0,0,0,0,0,0,0,0,0
1.5673,1.042,2.8724,2.565,1.2466,2.1699,1.3505,1.3123,1.2616,1.6424,1.3753,1.4399,1.7494,4.7877,1.2661,1.523,2.1458,1.2813,1.5469,2.4907,1.0651,0.7841,158.11,0.90709,1.5484,1.5789,1.6576,1.5829,2.2384,2.7196,2.5583,1.837,4.9734,1.8271,1.2665,3.1621,2.172,2.0516,2.038,2.005,2.1638,1.4817,3.5894,1.6973,3.2614,1.2738,1.3505,2.8127,1.362,1.4258,2.8217,0.96004,1.4189,1.3209,1.5513,3.3038,2.74,2.2362,2.0926,2.2229,2.5031,2.545,1.8469,1.1614,1.8357,1.2505,1.6081,2.8818,1.5202,2.0799,1.249,3.4749,3.3631,1.7635,1.6424,1.7473,2.8216,2.5001,1.7527,1.8546,1.6081,3.1621,1.8444,2.0551,2.3467,1.89,2.7358,4.5257,2.4754,1.7526,2.2919,2.0656,1.8558,1.7284,1.9689,1.8966,1.9376,3.6461,2.2822,2.6136,1.5861,1.4305,1.2233,1.6064,1.4663,1.9493,4.925,1.7526,3.4177,1.3191,1.0049,1.4784,1.6198,1.7791,2.0196,1.8407,2.4029,1.7071,1.7526,1.359,1.3047,1.4657,1.2673,0.94858,2.2589,2.7735,1.4258,3.6461,1.3934,2.7196,0.88424,1.9148,1.7162,1.0902,1.4189,2.1907,1.4688,1.6258,1.8507,1.3961,1.5821,1.8235,1.2501,0,0,0,0,0,0,0,0,0,0,0,0,0,0,0,0,0,0,0,0,0,0,0,0,0,0,0,0,0,0,0,0,0,0,0,0,0,0,0,0,0,0,0,0,0,0,0,0,0,0,0,0,0,0,0,0,0,0,0,0,0,0,0,0,0,0,0,0,0,0,0,0,0,0,0,0,0,0,0,0,0,0,0,0,0,0,0,0,0,0,0,0,0,0,0,0,0,0,0,0,0,0,0,0,0,0,0,0,0,0,0,0,0,0,0,0,0,0,0,0,0,0,0,0,0,0,0,0,0,0,0,0,0,0,0,0,0,0,0,0,0,0,0,0,0,0,0,0,0,0,0,0,0,0,0,0,0,0,0,0,0,0,0,0,0,0,0,0,0,0,0,0,0,0,0,0,0,0,0,0,0,0,0,0,0,0,0,0,0,0,0,0,0
1.7222,1.0845,0.9989,0.87432,1.9672,0.83855,2.1243,1.6014,0.81767,1.7483,1.9448,1.4059,1.8258,1.0468,1.6603,0.97488,1.2937,0.88067,1.3232,1.0491,1.1427,2.3414,0.90709,158.11,1.8258,1.0131,1.2796,1.0894,1.2363,1.2898,1.2697,1.2325,0.83458,1.2989,1.4745,0.91865,1.0983,0.93749,1.2367,1.4526,1.2382,1.1109,0.95582,1.3514,0.95079,1.0074,0.79684,1.2584,2.1497,1.3407,0.96756,2.4456,1.0507,0.69119,1.0123,0.88871,1.014,1.3237,1.0964,1.2656,0.78888,1.2412,0.91571,1.8222,1.3524,0.81701,1.2759,0.73585,1.5588,0.99711,1.6309,1.1484,0.99811,1.4015,1.2348,1.77,1.3082,0.90649,1.613,1.133,1.3354,1.2146,1.3123,1.0507,0.80476,0.83938,0.82622,0.97786,0.95687,0.85947,1.1327,1.3321,1.5366,1.326,1.0575,0.66361,1.0988,0.92491,0.79755,1.0993,1.5588,0.96324,3.3859,1.5329,1.3691,1.0962,0.98219,0.92051,1.1822,2.1969,2.6997,0.92301,1.7398,1.5741,1.4669,1.2933,1.1638,1.2672,0.87035,1.156,1.4339,1.6014,1.3742,1.2106,1.015,0.98257,1.9842,1.063,1.6113,1.0231,0.79332,1.2664,1.5402,1.6014,0.95898,1.2972,1.8792,1.3302,1.6249,1.4656,0.82453,1.0722,1.3456,0,0,0,0,0,0,0,0,0,0,0,0,0,0,0,0,0,0,0,0,0,0,0,0,0,0,0,0,0,0,0,0,0,0,0,0,0,0,0,0,0,0,0,0,0,0,0,0,0,0,0,0,0,0,0,0,0,0,0,0,0,0,0,0,0,0,0,0,0,0,0,0,0,0,0,0,0,0,0,0,0,0,0,0,0,0,0,0,0,0,0,0,0,0,0,0,0,0,0,0,0,0,0,0,0,0,0,0,0,0,0,0,0,0,0,0,0,0,0,0,0,0,0,0,0,0,0,0,0,0,0,0,0,0,0,0,0,0,0,0,0,0,0,0,0,0,0,0,0,0,0,0,0,0,0,0,0,0,0,0,0,0,0,0,0,0,0,0,0,0,0,0,0,0,0,0,0,0,0,0,0,0,0,0,0,0,0,0,0,0,0,0,0
2.2799,1.2963,1.4707,1.3645,2.4398,1.1502,2.849,2.1302,1.0468,3.8802,2.1074,2.9934,3.4501,2.0517,3.026,1.3128,2.9463,1.0246,2.2099,2.2098,1.916,1.3998,1.5484,1.8258,158.11,1.3471,2.0329,1.7713,1.9064,2.3442,2.2566,1.8259,1.2937,1.8115,2.1886,1.5366,2.1149,1.3466,2.3442,5.2979,2.2705,1.4447,1.5727,2.1302,1.472,1.2911,0.9692,2.4312,3.3939,1.8247,1.7962,2.1597,1.4206,0.9273,1.6612,1.4032,1.523,2.1865,1.6362,2.0131,1.149,2.0853,1.2541,2.1187,1.8247,1.0224,1.9523,1.0656,2.7318,1.5112,2.0114,2.5191,1.7274,4.4357,2.1478,2.8772,2.8172,1.3446,2.4085,1.7274,1.7859,2.3441,2.9669,1.8079,1.1978,1.1475,1.1876,1.6147,1.664,1.2397,1.919,3.656,6.8627,2.8964,1.8357,0.98907,1.6924,1.6459,1.273,1.7916,2.555,1.4218,3.0428,4.0818,2.005,1.9449,1.7791,1.2153,2.1538,2.8216,2.3287,1.1636,4.7659,2.4545,4.5257,2.7237,2.0313,2.4311,1.2847,1.3853,1.7336,3.0372,1.8819,1.3168,1.4172,1.6504,3.4583,1.8753,2.4085,1.6424,0.90798,1.8675,3.9278,1.5949,1.395,2.3365,4.3843,2.339,3.8457,2.1093,1.0445,1.6983,1.9275,0,0,0,0,0,0,0,0,0,0,0,0,0,0,0,0,0,0,0,0,0,0,0,0,0,0,0,0,0,0,0,0,0,0,0,0,0,0,0,0,0,0,0,0,0,0,0,0,0,0,0,0,0,0,0,0,0,0,0,0,0,0,0,0,0,0,0,0,0,0,0,0,0,0,0,0,0,0,0,0,0,0,0,0,0,0,0,0,0,0,0,0,0,0,0,0,0,0,0,0,0,0,0,0,0,0,0,0,0,0,0,0,0,0,0,0,0,0,0,0,0,0,0,0,0,0,0,0,0,0,0,0,0,0,0,0,0,0,0,0,0,0,0,0,0,0,0,0,0,0,0,0,0,0,0,0,0,0,0,0,0,0,0,0,0,0,0,0,0,0,0,0,0,0,0,0,0,0,0,0,0,0,0,0,0,0,0,0,0,0,0,0,0
1.4334,1.926,1.742,1.3779,1.8138,1.2258,1.7032,2.2207,3.4664,1.3355,1.6371,1.3312,1.7484,1.5146,1.3155,9.2703,1.6876,2.2966,2.0799,1.2685,0.84852,0.81225,1.5789,1.0131,1.3471,158.11,3.1813,2.1741,2.6136,2.2566,1.4601,2.9565,1.4399,2.6136,1.3442,2.3339,1.9538,1.1604,1.9538,1.4588,2.6316,4.2249,2.6765,3.3184,1.3923,3.9277,2.2822,1.8753,1.1991,2.9933,2.0674,0.91849,3.0485,1.8532,0.98832,1.363,1.8067,2.6537,1.8139,2.5417,2.0448,1.5574,5.6586,1.7022,2.0431,3.4498,2.9565,1.5989,2.0066,3.1434,1.6006,1.5797,2.5583,1.2233,1.9859,1.7701,1.5469,3.015,1.7202,5.3277,2.8867,2.2847,1.654,1.8394,2.3919,3.1067,2.0568,1.7022,1.1648,1.1129,3.0599,1.4551,1.38,1.4823,1.6762,0.90812,2.1498,1.1751,1.0121,1.6181,1.6097,1.7346,1.2509,1.363,2.2967,2.3339,1.9922,2.365,1.7939,1.1872,0.97378,5.6225,1.6953,2.1341,1.4607,1.3101,2.988,1.0592,2.7077,5.1828,2.3263,1.7602,2.1558,1.5049,1.4613,2.7864,1.6943,2.555,2.0098,3.5441,1.6639,2.4486,1.6706,1.5758,2.3441,2.6208,1.452,1.8753,1.5573,2.2635,2.6425,3.0599,1.8198,0,0,0,0,0,0,0,0,0,0,0,0,0,0,0,0,0,0,0,0,0,0,0,0,0,0,0,0,0,0,0,0,0,0,0,0,0,0,0,0,0,0,0,0,0,0,0,0,0,0,0,0,0,0,0,0,0,0,0,0,0,0,0,0,0,0,0,0,0,0,0,0,0,0,0,0,0,0,0,0,0,0,0,0,0,0,0,0,0,0,0,0,0,0,0,0,0,0,0,0,0,0,0,0,0,0,0,0,0,0,0,0,0,0,0,0,0,0,0,0,0,0,0,0,0,0,0,0,0,0,0,0,0,0,0,0,0,0,0,0,0,0,0,0,0,0,0,0,0,0,0,0,0,0,0,0,0,0,0,0,0,0,0,0,0,0,0,0,0,0,0,0,0,0,0,0,0,0,0,0,0,0,0,0,0,0,0,0,0,0,0,0,0
1.6595,2.5615,1.5837,1.3168,3.1942,1.1391,2.74,4.9491,2.0568,1.8394,1.8819,2.2407,2.5287,1.7388,2.2273,3.3555,2.8083,1.4369,4.7878,1.7121,1.0622,0.98655,1.6576,1.2796,2.0329,3.1813,158.11,4.1092,2.5752,2.7525,1.6838,3.3785,1.3961,2.5684,2.0431,2.5191,3.4501,1.1767,3.2409,2.2452,4.6412,2.931,2.5319,10.638,1.3727,3.3938,1.3895,2.4341,1.5941,5.973,2.4113,1.2329,3.2967,1.4961,1.2117,1.4138,1.7182,3.1372,1.9078,2.6959,1.6318,1.7441,2.3238,2.988,2.005,1.8779,7.4467,1.3446,4.766,2.7524,2.2847,2.1,2.9514,1.6327,4.0684,2.2943,1.9613,2.1558,2.0727,6.505,3.0485,3.0206,3.0714,2.4057,1.9493,1.8407,1.5813,1.7111,1.3816,1.1872,4.0818,2.0586,1.9704,2.4545,2.3757,0.93815,2.5001,1.3242,1.0647,1.7274,2.1558,2.136,1.6677,2.1458,4.3677,4.7233,2.1619,1.7378,2.038,1.4638,1.2998,2.0871,2.596,2.8399,2.2566,1.7813,4.5073,1.3317,2.6136,2.8216,3.0949,3.8343,4.5822,2.0708,1.3743,3.2074,3.0772,2.9161,4.3844,3.1878,1.5445,2.6353,3.1813,1.8713,3.2007,3.9158,2.4428,3.5712,2.2543,5.1281,1.5468,4.3185,3.5351,0,0,0,0,0,0,0,0,0,0,0,0,0,0,0,0,0,0,0,0,0,0,0,0,0,0,0,0,0,0,0,0,0,0,0,0,0,0,0,0,0,0,0,0,0,0,0,0,0,0,0,0,0,0,0,0,0,0,0,0,0,0,0,0,0,0,0,0,0,0,0,0,0,0,0,0,0,0,0,0,0,0,0,0,0,0,0,0,0,0,0,0,0,0,0,0,0,0,0,0,0,0,0,0,0,0,0,0,0,0,0,0,0,0,0,0,0,0,0,0,0,0,0,0,0,0,0,0,0,0,0,0,0,0,0,0,0,0,0,0,0,0,0,0,0,0,0,0,0,0,0,0,0,0,0,0,0,0,0,0,0,0,0,0,0,0,0,0,0,0,0,0,0,0,0,0,0,0,0,0,0,0,0,0,0,0,0,0,0,0,0,0,0
1.3346,2.6687,1.3379,1.2325,2.2943,0.99673,1.8151,2.8398,1.9133,1.6531,1.4088,2.4113,1.7668,1.6198,2.2497,2.4457,2.3598,1.1725,3.0372,1.815,1.0377,0.93323,1.5829,1.0894,1.7713,2.1741,4.1092,158.11,1.8806,1.9797,1.3923,1.9538,1.278,1.6424,1.6715,2.5786,4.1951,1.1077,2.3519,2.1093,3.6856,2.2295,2.3016,3.3708,1.2314,2.5287,1.1991,1.8308,1.4166,2.5583,2.3677,1.1333,2.1598,1.5916,1.1304,1.2537,1.3595,1.9705,1.4299,1.9859,1.6495,1.3912,1.8597,2.1018,1.4644,1.7537,2.9111,1.3109,2.7864,2.6575,1.5885,2.0431,2.6613,1.4657,3.0599,1.625,1.6486,1.9553,1.4759,3.3039,1.7713,2.2589,2.931,3.1621,2.0213,1.6631,1.452,1.446,1.2911,1.0486,3.4018,1.7336,1.7859,2.2034,2.0817,0.9967,1.768,1.2685,1.0203,1.5893,1.9405,3.3554,1.3585,2.2163,2.3651,6.3458,1.9023,1.3251,1.7111,1.2344,1.2266,1.631,1.8887,1.7769,1.9906,1.8793,2.7157,1.3078,2.6136,1.7974,1.8103,3.2273,3.7578,1.787,1.1645,3.131,2.1093,2.3114,2.5191,2.3467,1.4901,1.6895,2.9111,1.6327,6.0597,2.8172,1.972,2.5191,1.9613,2.6101,1.2722,2.7693,4.1372,0,0,0,0,0,0,0,0,0,0,0,0,0,0,0,0,0,0,0,0,0,0,0,0,0,0,0,0,0,0,0,0,0,0,0,0,0,0,0,0,0,0,0,0,0,0,0,0,0,0,0,0,0,0,0,0,0,0,0,0,0,0,0,0,0,0,0,0,0,0,0,0,0,0,0,0,0,0,0,0,0,0,0,0,0,0,0,0,0,0,0,0,0,0,0,0,0,0,0,0,0,0,0,0,0,0,0,0,0,0,0,0,0,0,0,0,0,0,0,0,0,0,0,0,0,0,0,0,0,0,0,0,0,0,0,0,0,0,0,0,0,0,0,0,0,0,0,0,0,0,0,0,0,0,0,0,0,0,0,0,0,0,0,0,0,0,0,0,0,0,0,0,0,0,0,0,0,0,0,0,0,0,0,0,0,0,0,0,0,0,0,0,0
