158.11,5.4136,4.5624,2.2409,15.925,2.3689,4.1589,7.7062,3.5529,4.1934,9.0109,2.1388,4.8027,2.184,2.892,4.1075,2.0907,7.1217,2.5333,1.5169,1.3795,0.49505,1.8282,4.7456,3.1754,5.6349,3.8759,2.3495,7.4685,4.0364,3.3965,2.7949,1.7148,3.5926,1.9284,1.8667,1.9293,2.9325,2.0688,2.558,3.3253,8.194,2.3634,5.2844,3.0418,4.1074,27.505,2.5415,6.4377,3.8393,1.8254,4.0615,2.3621,1.6635,1.2748,1.5534,2.3217,4.2684,1.9242,6.6831,2.1247,3.096,4.5283,4.9837,9.8059,5.441,3.0964,1.8285,3.3271,3.1032,2.2555,2.1504,2.1549,2.1588,2.1716,6.2424,2.9731,3.0955,3.8417,4.0573,3.3193,3.0059,2.137,2.0323,1.9046,3.8318,2.8795,2.1752,1.3773,1.2022,3.2414,2.0426,2.8438,1.9345,1.5724,0.45314,1.8866,1.6022,1.3893,3.1764,3.8797,1.8508,18.62,2.6059,2.7366,2.1955,1.9868,2.2098,3.4405,10.363,6.2237,10.003,3.3401,3.8797,2.4617,2.2125,2.6983,2.295,1.8963,7.084,2.8769,3.5848,5.2748,3.3498,5.8972,2.1972,4.2236,2.4623,3.6455,2.7132,3.4685,2.8097,2.9848,3.3175,2.3159,4.1931,3.1562,2.222,4.0675,3.4544,4.3205,2.2878,3.6918,0,0,0,0,0,0,0,0,0,0,0,0,0,0,0,0,0,0,0,0,0,0,0,0,0,0,0,0,0,0,0,0,0,0,0,0,0,0,0,0,0,0,0,0,0,0,0,0,0,0,0,0,0,0,0,0,0,0,0,0,0,0,0,0,0,0,0,0,0,0,0,0,0,0,0,0,0,0,0,0,0,0,0,0,0,0,0,0,0,0,0,0,0,0,0,0,0,0,0,0,0,0,0,0,0,0,0,0,0,0,0,0,0,0,0,0,0,0,0,0,0,0,0,0,0,0,0,0,0,0,0,0,0,0,0,0,0,0,0,0,0,0,0,0,0,0,0,0,0,0,0,0,0,0,0,0,0,0,0,0,0,0,0,0,0,0,0,0,0,0,0,0,0,0,0,0,0,0,0,0,0,0,0,0,0,0,0,0,0,0,0,0,0
5.4136,158.11,10.053,3.2572,8.0491,2.783,3.5274,8.5953,6.3598,14.193,3.3955,3.3147,4.899,3.475,5.5958,6.2612,2.8526,3.1468,3.304,2.0401,1.6144,0.49181,2.6216,2.548,5.1588,6.7416,7.108,4.1259,15.781,7.0663,4.925,2.8722,2.225,3.0866,2.1401,2.6938,2.834,5.4498,2.5863,4.5983,8.5248,7.6876,3.9059,11.476,6.0791,5.3072,5.8078,3.3021,12.352,3.8838,2.5141,4.7008,2.5709,2.2535,1.4742,1.8548,2.6048,4.9381,2.0287,27.122,3.4882,3.7356,8.4555,4.3546,4.5193,63.893,3.7694,2.6569,4.4526,6.7889,2.1274,3.4864,3.2554,2.872,2.8447,4.8265,5.055,7.1174,3.2688,8.3608,2.8406,5.1345,3.1362,3.1282,2.8293,12.707,5.8872,2.8498,1.6636,1.3107,8.0112,2.6081,5.0513,2.5463,1.8999,0.46816,2.0726,2.1431,1.7318,6.5174,5.561,2.5994,4.702,4.995,2.9681,3.4574,2.7625,2.1817,7.8877,5.07,8.2514,6.3104,3.8323,3.5187,3.84,3.5689,3.8015,3.9565,2.5803,3.6575,2.4832,8.2429,40.753,3.2743,7.8176,3.4656,4.8255,3.7502,4.1617,4.0525,4.003,2.7444,6.1574,2.6279,4.001,18.133,4.4157,2.7498,14.774,3.8327,3.9854,2.9015,11.391,0,0,0,0,0,0,0,0,0,0,0,0,0,0,0,0,0,0,0,0,0,0,0,0,0,0,0,0,0,0,0,0,0,0,0,0,0,0,0,0,0,0,0,0,0,0,0,0,0,0,0,0,0,0,0,0,0,0,0,0,0,0,0,0,0,0,0,0,0,0,0,0,0,0,0,0,0,0,0,0,0,0,0,0,0,0,0,0,0,0,0,0,0,0,0,0,0,0,0,0,0,0,0,0,0,0,0,0,0,0,0,0,0,0,0,0,0,0,0,0,0,0,0,0,0,0,0,0,0,0,0,0,0,0,0,0,0,0,0,0,0,0,0,0,0,0,0,0,0,0,0,0,0,0,0,0,0,0,0,0,0,0,0,0,0,0,0,0,0,0,0,0,0,0,0,0,0,0,0,0,0,0,0,0,0,0,0,0,0,0,0,0,0
4.5624,10.053,158.11,3.1462,6.1439,3.8409,4.631,10.327,14.615,6.6831,3.1148,3.9602,7.6405,3.9216,7.2922,15.935,3.7501,3.0035,4.8666,2.2567,1.7274,0.48736,3.0328,2.4727,6.4242,11.684,22.084,4.2086,10.575,23.227,9.5806,3.9017,2.7054,3.9566,2.7165,3.1445,3.3168,3.9082,3.43,5.2957,7.5861,4.6813,4.8043,31.408,8.1078,10.354,4.8715,4.8664,5.7523,5.7376,2.8148,7.9573,3.4296,2.6171,1.7003,2.2345,3.5062,8.5333,2.531,9.7327,3.4992,5.8876,36.964,6.0259,4.8074,9.4023,5.976,3.0148,7.9468,4.8682,2.6064,3.8335,4.0753,3.4134,3.855,6.2352,8.4332,6.9641,4.2255,32.64,3.5676,8.7055,4.0041,2.7451,3.2141,9.824,6.7145,3.8466,1.9313,1.5033,7.1555,3.3081,5.341,3.252,2.2918,0.46879,2.6081,2.4577,1.9205,4.4253,3.5895,2.2415,4.4649,4.5602,4.1449,4.1745,3.4214,2.7247,11.866,4.3401,4.6943,6.7863,4.682,4.7754,5.314,3.0488,5.9269,3.7152,3.2148,3.9223,3.0407,14.176,12.722,4.5265,13.884,4.1767,8.2211,5.2972,6.7353,6.3411,6.3868,3.6138,7.5328,2.1403,4.2043,10.201,7.7917,3.7548,7.3528,5.9189,5.5932,3.9943,7.3638,0,0,0,0,0,0,0,0,0,0,0,0,0,0,0,0,0,0,0,0,0,0,0,0,0,0,0,0,0,0,0,0,0,0,0,0,0,0,0,0,0,0,0,0,0,0,0,0,0,0,0,0,0,0,0,0,0,0,0,0,0,0,0,0,0,0,0,0,0,0,0,0,0,0,0,0,0,0,0,0,0,0,0,0,0,0,0,0,0,0,0,0,0,0,0,0,0,0,0,0,0,0,0,0,0,0,0,0,0,0,0,0,0,0,0,0,0,0,0,0,0,0,0,0,0,0,0,0,0,0,0,0,0,0,0,0,0,0,0,0,0,0,0,0,0,0,0,0,0,0,0,0,0,0,0,0,0,0,0,0,0,0,0,0,0,0,0,0,0,0,0,0,0,0,0,0,0,0,0,0,0,0,0,0,0,0,0,0,0,0,0,0,0
2.2409,3.2572,3.1462,158.11,2.5619,2.2302,2.0794,2.6246,3.3446,3.3224,1.8715,3.138,2.4201,4.8706,3.5263,2.9038,2.57,1.8341,2.5325,2.3405,2.6734,0.48193,2.8528,1.6064,5.2031,2.6866,3.1772,3.8957,2.9196,3.0145,2.8535,2.0481,2.2627,1.9784,1.8221,2.9425,2.9585,3.409,2.2696,4.5712,3.9287,2.6341,3.564,3.0849,4.2942,2.7089,2.3702,2.4672,2.8537,2.265,4.6651,2.4562,2.0252,2.5241,1.5336,1.8466,2.0626,2.5717,1.7027,3.0531,3.5951,2.4513,3.1346,2.2633,2.1452,3.2561,2.4944,2.9911,2.7014,3.8476,1.6526,3.5298,3.0923,4.5309,2.4659,2.3259,3.2797,4.1399,2.0265,3.316,1.891,3.1989,2.8978,3.1524,3.056,3.7645,4.0186,2.6527,1.7406,1.2915,3.8855,2.9939,7.2889,2.4027,1.8681,0.47942,1.8009,2.6382,2.5525,3.4673,2.8005,2.6842,2.1396,3.9096,2.126,3.3643,3.3156,1.7368,3.5359,2.5525,2.6305,2.4808,3.4738,2.1256,3.1258,3.3563,2.7969,3.6426,2.5778,1.9952,1.7407,3.4269,3.3432,2.1143,2.7693,3.2987,2.5052,3.0665,2.406,3.0137,2.476,1.9559,3.6665,1.7285,3.7287,3.6278,2.7012,2.26,3.4858,2.3581,2.2589,2.6056,3.709,0,0,0,0,0,0,0,0,0,0,0,0,0,0,0,0,0,0,0,0,0,0,0,0,0,0,0,0,0,0,0,0,0,0,0,0,0,0,0,0,0,0,0,0,0,0,0,0,0,0,0,0,0,0,0,0,0,0,0,0,0,0,0,0,0,0,0,0,0,0,0,0,0,0,0,0,0,0,0,0,0,0,0,0,0,0,0,0,0,0,0,0,0,0,0,0,0,0,0,0,0,0,0,0,0,0,0,0,0,0,0,0,0,0,0,0,0,0,0,0,0,0,0,0,0,0,0,0,0,0,0,0,0,0,0,0,0,0,0,0,0,0,0,0,0,0,0,0,0,0,0,0,0,0,0,0,0,0,0,0,0,0,0,0,0,0,0,0,0,0,0,0,0,0,0,0,0,0,0,0,0,0,0,0,0,0,0,0,0,0,0,0,0
15.925,8.0491,6.1439,2.5619,158.11,2.594,4.3024,11.708,4.4213,5.4786,5.8438,2.4481,5.546,2.5254,3.4952,5.1212,2.3442,5.1241,2.8566,1.6673,1.4784,0.49389,2.0501,3.7213,3.8673,7.2986,4.9131,2.7443,13.652,5.1175,4.0495,2.9778,1.8844,3.6632,2.0517,2.0987,2.1778,3.4539,2.2781,3.0401,4.1757,10.331,2.7539,7.5382,3.7387,4.944,18.622,2.8608,9.0937,4.2207,2.0458,4.71,2.531,1.8403,1.3523,1.6704,2.5054,5.0246,2.0166,11.294,2.4396,3.4963,5.9982,5.4276,8.4025,8.0605,3.5073,2.0545,3.8902,3.7697,2.2951,2.4751,2.4622,2.436,2.4228,6.8461,3.5671,3.8259,3.9357,5.2731,3.3466,3.6088,2.4292,2.2879,2.1508,5.0085,3.4984,2.4331,1.4784,1.2535,4.0397,2.2721,3.4346,2.145,1.6952,0.45843,2.0008,1.7684,1.5084,3.8176,4.4454,2.0367,10.704,3.0897,2.96,2.5265,2.2383,2.2847,4.3333,10.062,7.736,12.856,3.817,4.0947,2.8574,2.5192,3.1094,2.6587,2.1138,5.939,2.8693,4.5509,7.8284,3.5714,8.069,2.5276,4.9297,2.8492,4.1368,3.1622,3.9314,2.9423,3.6419,3.068,2.6973,5.6412,3.6903,2.4505,5.3323,3.8614,4.6826,2.5523,4.738,0,0,0,0,0,0,0,0,0,0,0,0,0,0,0,0,0,0,0,0,0,0,0,0,0,0,0,0,0,0,0,0,0,0,0,0,0,0,0,0,0,0,0,0,0,0,0,0,0,0,0,0,0,0,0,0,0,0,0,0,0,0,0,0,0,0,0,0,0,0,0,0,0,0,0,0,0,0,0,0,0,0,0,0,0,0,0,0,0,0,0,0,0,0,0,0,0,0,0,0,0,0,0,0,0,0,0,0,0,0,0,0,0,0,0,0,0,0,0,0,0,0,0,0,0,0,0,0,0,0,0,0,0,0,0,0,0,0,0,0,0,0,0,0,0,0,0,0,0,0,0,0,0,0,0,0,0,0,0,0,0,0,0,0,0,0,0,0,0,0,0,0,0,0,0,0,0,0,0,0,0,0,0,0,0,0,0,0,0,0,0,0,0
2.3689,2.783,3.8409,2.2302,2.594,158.11,4.3935,3.2868,4.7214,2.4832,2.0455,3.3986,4.6328,3.0459,3.5706,4.9484,5.8287,2.0891,12.524,2.3879,1.8908,0.47098,3.0718,1.8843,3.6201,4.0089,4.526,2.6364,2.9463,4.5647,6.3526,8.623,4.1127,4.4983,8.9039,3.1896,3.2153,2.0301,10.214,3.2211,2.8851,2.1617,3.5725,3.604,3.635,5.4259,2.4421,12.131,2.3185,5.7693,2.8114,5.5281,15.197,3.0756,2.6783,4.194,24.039,5.3133,6.7019,2.7956,2.3957,9.9297,4.1169,4.2554,2.8623,2.7346,9.9239,2.881,7.3527,2.2991,4.6136,2.8351,3.9397,3.6192,8.6304,3.6804,4.8951,2.9381,4.4381,4.1204,4.3485,4.8667,4.3279,1.8055,2.9243,2.9548,3.1978,8.5703,2.9129,2.4219,2.8466,5.552,2.9948,5.5925,4.1623,0.46593,8.0316,2.8946,2.2958,2.1463,1.8584,1.5314,2.5256,2.4794,12.067,3.4936,4.262,5.79,3.5953,2.3597,2.131,3.0739,3.7371,4.9661,4.7565,1.8979,8.1317,2.3007,4.4609,2.7475,4.0763,3.6934,2.9644,6.2358,3.8004,3.4679,5.3717,5.2529,6.6733,6.5078,7.4051,6.6699,3.3608,1.4073,2.7223,2.8862,7.1945,15.197,2.5929,7.3601,4.7667,12.235,2.6717,0,0,0,0,0,0,0,0,0,0,0,0,0,0,0,0,0,0,0,0,0,0,0,0,0,0,0,0,0,0,0,0,0,0,0,0,0,0,0,0,0,0,0,0,0,0,0,0,0,0,0,0,0,0,0,0,0,0,0,0,0,0,0,0,0,0,0,0,0,0,0,0,0,0,0,0,0,0,0,0,0,0,0,0,0,0,0,0,0,0,0,0,0,0,0,0,0,0,0,0,0,0,0,0,0,0,0,0,0,0,0,0,0,0,0,0,0,0,0,0,0,0,0,0,0,0,0,0,0,0,0,0,0,0,0,0,0,0,0,0,0,0,0,0,0,0,0,0,0,0,0,0,0,0,0,0,0,0,0,0,0,0,0,0,0,0,0,0,0,0,0,0,0,0,0,0,0,0,0,0,0,0,0,0,0,0,0,0,0,0,0,0,0
4.1589,3.5274,4.631,2.0794,4.3024,4.3935,158.11,5.7526,4.3659,2.8719,3.6119,2.4028,11.675,2.3248,3.0267,5.8116,2.834,3.8242,4.1463,1.6969,1.5465,0.48237,2.0853,3.2783,3.4149,7.2465,4.6768,2.2591,4.3552,5.0102,5.3116,7.7198,2.2242,22.631,3.3159,2.142,2.1958,2.1586,3.1783,2.6319,2.8805,3.05,2.619,4.8578,3.1639,7.3293,4.2538,4.1792,3.0972,15.13,2.0478,8.9659,4.9149,1.9704,1.6704,2.1509,4.5549,9.2325,3.4753,3.8545,2.0392,6.5545,5.0632,18.37,6.9134,3.4698,6.4318,2.0322,5.8835,2.3929,4.8883,2.225,2.5542,2.6228,3.2081,11.492,3.6779,2.8002,39.543,4.4547,14.114,3.7123,2.6296,1.7249,2.0962,3.1631,2.8235,3.2045,1.7643,1.6326,2.8158,2.8489,2.7518,2.6391,2.1537,0.45397,3.2346,1.8856,1.6199,2.3107,2.246,1.5158,5.058,2.3105,6.6476,2.4677,2.4885,4.6833,3.4393,3.9031,2.8478,6.2903,4.2971,36.538,3.0478,1.8413,4.0665,2.0806,2.4312,6.9414,8.3013,3.6239,3.7368,14.252,6.3695,2.4625,9.5507,3.1583,9.1407,3.7768,8.4093,8.4289,2.9825,1.8464,2.2782,3.251,5.0963,3.6248,2.9348,9.4883,21.743,3.6303,2.8746,0,0,0,0,0,0,0,0,0,0,0,0,0,0,0,0,0,0,0,0,0,0,0,0,0,0,0,0,0,0,0,0,0,0,0,0,0,0,0,0,0,0,0,0,0,0,0,0,0,0,0,0,0,0,0,0,0,0,0,0,0,0,0,0,0,0,0,0,0,0,0,0,0,0,0,0,0,0,0,0,0,0,0,0,0,0,0,0,0,0,0,0,0,0,0,0,0,0,0,0,0,0,0,0,0,0,0,0,0,0,0,0,0,0,0,0,0,0,0,0,0,0,0,0,0,0,0,0,0,0,0,0,0,0,0,0,0,0,0,0,0,0,0,0,0,0,0,0,0,0,0,0,0,0,0,0,0,0,0,0,0,0,0,0,0,0,0,0,0,0,0,0,0,0,0,0,0,0,0,0,0,0,0,0,0,0,0,0,0,0,0,0,0
7.7062,8.5953,10.327,2.6246,11.708,3.2868,5.7526,158.11,6.3858,5.5003,4.4022,2.881,9.5484,2.8667,4.3419,8.6337,2.8654,4.1648,3.7278,1.8585,1.5572,0.4901,2.3533,3.2308,4.5388,17.013,7.608,3.0672,16.877,8.3785,6.0013,3.8291,2.203,4.63,2.4655,2.4191,2.5217,3.3545,2.8006,3.5414,4.7997,5.987,3.2862,14.259,4.6081,8.2259,8.2722,3.749,6.6286,6.1616,2.2627,7.6496,3.1587,2.1027,1.5189,1.9336,3.1409,8.3184,2.3945,11.27,2.6778,4.8977,10.351,8.3098,8.5748,8.2928,4.9071,2.338,5.7014,3.8406,2.6948,2.8197,2.9453,2.7558,3.0101,10.544,4.7609,4.4134,5.0721,8.0808,4.1054,4.8562,2.9313,2.3265,2.458,5.8663,4.1589,2.9974,1.6751,1.3976,4.6194,2.6796,3.8097,2.5791,1.9677,0.46154,2.385,1.9975,1.6481,3.7332,3.6629,2.0025,7.7831,3.3664,3.8607,2.9819,2.6239,2.719,5.6621,6.2174,5.4988,16.574,4.3559,5.5695,3.5754,2.5573,4.13,2.8671,2.5076,5.9389,3.404,6.1435,9.3688,4.7851,22.055,2.9849,8.1533,3.5919,6.2267,4.1646,5.6989,3.7051,4.4598,2.4556,3.0466,6.4885,5.2955,3.0756,5.5935,5.561,6.7596,3.181,5.1627,0,0,0,0,0,0,0,0,0,0,0,0,0,0,0,0,0,0,0,0,0,0,0,0,0,0,0,0,0,0,0,0,0,0,0,0,0,0,0,0,0,0,0,0,0,0,0,0,0,0,0,0,0,0,0,0,0,0,0,0,0,0,0,0,0,0,0,0,0,0,0,0,0,0,0,0,0,0,0,0,0,0,0,0,0,0,0,0,0,0,0,0,0,0,0,0,0,0,0,0,0,0,0,0,0,0,0,0,0,0,0,0,0,0,0,0,0,0,0,0,0,0,0,0,0,0,0,0,0,0,0,0,0,0,0,0,0,0,0,0,0,0,0,0,0,0,0,0,0,0,0,0,0,0,0,0,0,0,0,0,0,0,0,0,0,0,0,0,0,0,0,0,0,0,0,0,0,0,0,0,0,0,0,0,0,0,0,0,0,0,0,0,0
3.5529,6.3598,14.615,3.3446,4.4213,4.7214,4.3659,6.3858,158.11,5.1186,2.6435,4.8408,6.6575,4.7732,8.9326,16.679,4.8582,2.5985,6.6427,2.5533,1.89,0.4847,3.6065,2.1939,7.7658,8.11,33.076,4.5918,6.2648,21.731,15.451,4.2819,3.2556,3.8744,3.1108,3.7834,3.9887,3.5046,4.298,6.4937,6.9961,3.6141,6.1683,10.54,11.011,10.741,3.7762,6.5274,4.2346,5.75,3.3308,7.7264,3.9518,3.0951,1.9033,2.5939,4.1214,8.2611,2.8141,6.0132,3.7724,7.2874,16.354,5.3067,3.8983,6.1349,7.5389,3.5487,11.051,4.3805,2.7355,4.4188,5.2443,4.1683,5.0311,5.1297,15.685,7.0369,4.0735,24.689,3.5268,15.897,5.1788,2.7066,3.787,7.8099,7.716,5.1182,2.1966,1.6432,6.692,4.1976,6.0477,4.0686,2.6655,0.47152,2.9764,2.8893,2.184,3.88,3.0213,2.1747,3.5613,4.5864,4.7226,5.2326,4.4053,2.9391,12.622,3.5466,3.6193,5.0214,5.0239,4.6514,7.5522,2.9677,9.1277,3.8132,4.018,3.3685,3.0441,14.046,7.3705,4.6894,8.3678,5.2059,7.8903,7.7664,7.2514,10.564,7.3428,3.8446,8.595,1.8817,4.6737,7.3124,11.43,4.719,5.6441,6.5125,5.297,5.2922,6.0322,0,0,0,0,0,0,0,0,0,0,0,0,0,0,0,0,0,0,0,0,0,0,0,0,0,0,0,0,0,0,0,0,0,0,0,0,0,0,0,0,0,0,0,0,0,0,0,0,0,0,0,0,0,0,0,0,0,0,0,0,0,0,0,0,0,0,0,0,0,0,0,0,0,0,0,0,0,0,0,0,0,0,0,0,0,0,0,0,0,0,0,0,0,0,0,0,0,0,0,0,0,0,0,0,0,0,0,0,0,0,0,0,0,0,0,0,0,0,0,0,0,0,0,0,0,0,0,0,0,0,0,0,0,0,0,0,0,0,0,0,0,0,0,0,0,0,0,0,0,0,0,0,0,0,0,0,0,0,0,0,0,0,0,0,0,0,0,0,0,0,0,0,0,0,0,0,0,0,0,0,0,0,0,0,0,0,0,0,0,0,0,0,0
4.1934,14.193,6.6831,3.3224,5.4786,2.4832,2.8719,5.5003,5.1186,158.11,2.8751,3.4574,3.7511,3.6155,5.7524,4.719,2.7379,2.6582,2.9623,2.1277,1.5741,0.48984,2.7146,2.2284,4.4455,4.6853,5.4655,4.8307,7.6259,5.3471,4.0592,2.4706,2.184,2.5708,1.9649,2.7759,2.9393,8.5299,2.4062,4.8514,10.603,6.3912,4.0284,6.7743,5.8056,4.0799,4.3441,2.9646,10.402,3.1454,2.5065,3.7292,2.277,2.2865,1.4357,1.7843,2.323,3.8113,1.847,9.7444,4.0702,3.1546,5.7909,3.3965,3.4901,13.844,3.1777,2.7836,3.6885,11.311,1.8864,3.8362,3.2777,2.6871,2.6558,3.6455,4.5773,8.327,2.6957,6.1422,2.3979,4.6402,3.1132,3.9031,2.9855,12.983,6.3622,2.642,1.6381,1.2584,10.238,2.4238,4.9317,2.4519,1.836,0.47166,1.9009,2.17,1.7214,11.464,6.8822,3.1391,3.6694,6.5218,2.5677,3.5765,2.6822,1.9386,7.2901,3.9436,8.087,4.4137,3.1713,2.8754,3.7169,4.6246,3.3941,4.9401,2.5327,2.9432,2.1417,7.2339,11.677,2.7335,5.1802,3.5956,3.7619,3.5669,3.3836,3.658,3.2698,2.3597,6.5161,2.6137,4.5891,16.481,3.7584,2.5188,44.49,3.1552,3.1659,2.6307,19.874,0,0,0,0,0,0,0,0,0,0,0,0,0,0,0,0,0,0,0,0,0,0,0,0,0,0,0,0,0,0,0,0,0,0,0,0,0,0,0,0,0,0,0,0,0,0,0,0,0,0,0,0,0,0,0,0,0,0,0,0,0,0,0,0,0,0,0,0,0,0,0,0,0,0,0,0,0,0,0,0,0,0,0,0,0,0,0,0,0,0,0,0,0,0,0,0,0,0,0,0,0,0,0,0,0,0,0,0,0,0,0,0,0,0,0,0,0,0,0,0,0,0,0,0,0,0,0,0,0,0,0,0,0,0,0,0,0,0,0,0,0,0,0,0,0,0,0,0,0,0,0,0,0,0,0,0,0,0,0,0,0,0,0,0,0,0,0,0,0,0,0,0,0,0,0,0,0,0,0,0,0,0,0,0,0,0,0,0,0,0,0,0,0
9.0109,3.3955,3.1148,1.8715,5.8438,2.0455,3.6119,4.4022,2.6435,2.8751,158.11,1.7466,3.6076,1.7831,2.2097,2.996,1.7553,20.392,2.102,1.3092,1.264,0.49601,1.5371,9.4269,2.4731,3.8038,2.8113,1.8681,4.1373,2.9049,2.6174,2.4704,1.483,3.2817,1.7365,1.5656,1.607,2.2449,1.7789,2.014,2.4366,4.6756,1.8941,3.4357,2.3113,3.0818,7.9248,2.1074,3.8477,3.1454,1.5621,3.1183,2.0972,1.427,1.1629,1.3867,2.0407,3.2433,1.7724,3.8595,1.7221,2.5323,3.1436,3.915,7.1122,3.4132,2.5286,1.534,2.6148,2.3245,2.1636,1.7441,1.7681,1.8416,1.8348,4.5927,2.2971,2.3148,3.4445,2.8836,3.1205,2.315,1.7632,1.6697,1.5851,2.7016,2.1969,1.8425,1.2322,1.1257,2.3901,1.7621,2.2259,1.6505,1.3959,0.44343,1.7116,1.384,1.2389,2.3765,2.8947,1.5605,9.8608,2.0246,2.3731,1.7859,1.6781,2.0731,2.517,6.8931,3.8921,5.5346,2.7929,3.3341,1.9782,1.7892,2.182,1.8314,1.6087,7.2724,2.7933,2.5978,3.351,2.9028,3.8282,1.786,3.2228,1.9877,2.9082,2.17,2.8061,2.5422,2.2575,3.3008,1.8475,2.8726,2.4809,1.9,2.8108,2.8247,3.5439,1.9452,2.6254,0,0,0,0,0,0,0,0,0,0,0,0,0,0,0,0,0,0,0,0,0,0,0,0,0,0,0,0,0,0,0,0,0,0,0,0,0,0,0,0,0,0,0,0,0,0,0,0,0,0,0,0,0,0,0,0,0,0,0,0,0,0,0,0,0,0,0,0,0,0,0,0,0,0,0,0,0,0,0,0,0,0,0,0,0,0,0,0,0,0,0,0,0,0,0,0,0,0,0,0,0,0,0,0,0,0,0,0,0,0,0,0,0,0,0,0,0,0,0,0,0,0,0,0,0,0,0,0,0,0,0,0,0,0,0,0,0,0,0,0,0,0,0,0,0,0,0,0,0,0,0,0,0,0,0,0,0,0,0,0,0,0,0,0,0,0,0,0,0,0,0,0,0,0,0,0,0,0,0,0,0,0,0,0,0,0,0,0,0,0,0,0,0
2.1388,3.3147,3.9602,3.138,2.4481,3.3986,2.4028,2.881,4.8408,3.4574,1.7466,158.11,2.911,8.4523,8.069,3.8752,6.9268,1.7091,4.5753,5.2078,1.9439,0.47124,12.002,1.5272,4.0168,3.0784,4.4728,7.8421,2.9739,4.2306,4.3692,2.6537,5.1695,2.2746,2.7005,13.09,18.573,3.2134,4.2422,8.6394,5.0113,2.3227,18.574,3.5416,6.3708,3.4891,2.1992,4.5449,2.6751,2.8303,4.3355,3.2496,2.7946,6.5806,2.2658,3.0942,3.0048,3.1898,2.3162,3.0407,6.9216,3.555,3.8416,2.6144,2.1927,3.2508,3.5934,11.548,4.0197,3.8262,1.9907,13.976,21.35,3.6921,5.1772,2.5303,6.7462,5.582,2.3248,4.3646,2.1683,6.6404,14.07,3.3467,15.085,4.346,7.1162,4.9425,2.9466,1.7304,5.1103,3.9627,4.5242,5.7324,3.3184,0.48448,2.5693,5.415,2.8087,3.3544,2.3566,2.4725,2.1058,5.507,2.9223,37.477,6.495,2.154,5.6013,2.1197,2.4512,2.5071,2.7518,2.513,10.926,3.5077,5.3677,5.5176,7.3539,2.0028,2.0123,5.2928,3.4656,2.621,3.14,42.496,3.1813,9.1633,3.2342,6.2352,3.2515,2.4313,7.1433,1.4894,9.1483,3.9733,4.4991,4.0592,3.6994,3.1211,2.6267,4.1916,4.1191,0,0,0,0,0,0,0,0,0,0,0,0,0,0,0,0,0,0,0,0,0,0,0,0,0,0,0,0,0,0,0,0,0,0,0,0,0,0,0,0,0,0,0,0,0,0,0,0,0,0,0,0,0,0,0,0,0,0,0,0,0,0,0,0,0,0,0,0,0,0,0,0,0,0,0,0,0,0,0,0,0,0,0,0,0,0,0,0,0,0,0,0,0,0,0,0,0,0,0,0,0,0,0,0,0,0,0,0,0,0,0,0,0,0,0,0,0,0,0,0,0,0,0,0,0,0,0,0,0,0,0,0,0,0,0,0,0,0,0,0,0,0,0,0,0,0,0,0,0,0,0,0,0,0,0,0,0,0,0,0,0,0,0,0,0,0,0,0,0,0,0,0,0,0,0,0,0,0,0,0,0,0,0,0,0,0,0,0,0,0,0,0,0
4.8027,4.899,7.6405,2.4201,5.546,4.6328,11.675,9.5484,6.6575,3.7511,3.6076,2.911,158.11,2.8087,4.0202,10.942,3.3076,3.6474,4.987,1.906,1.6278,0.48445,2.4247,3.0059,4.4131,16.903,7.6055,2.78,6.3723,8.5849,8.3366,6.3542,2.4687,8.0549,3.2195,2.5004,2.5871,2.629,3.5018,3.3274,3.8169,3.7101,3.2653,8.1472,4.2452,16.092,5.0132,5.0293,3.9479,17.108,2.3306,20.927,4.6044,2.2275,1.713,2.2497,4.4868,26.393,3.1638,5.4154,2.4528,8.4348,8.7894,25.154,7.248,4.7691,8.3498,2.3693,8.9925,2.9965,3.7241,2.698,3.0899,2.9868,3.6886,16.093,5.0755,3.6702,9.3344,7.1066,6.5847,5.1566,3.1594,2.0228,2.4688,4.3189,3.6897,3.6712,1.8649,1.6034,3.7052,3.1616,3.4591,2.9865,2.2754,0.46028,3.1001,2.1134,1.7473,2.8577,2.6725,1.7386,5.5242,2.8757,6.2998,3.0106,2.8817,3.7931,4.8434,4.4341,3.5005,8.6775,4.9232,12.249,3.8526,2.1842,5.2485,2.5256,2.788,6.0035,4.9779,5.222,5.3531,9.5257,12.893,3.0058,28.494,3.9811,14.791,4.9509,11.839,6.0295,3.9684,1.9853,2.802,4.4696,7.413,4.0113,3.8791,12.224,18.261,4.1016,3.7958,0,0,0,0,0,0,0,0,0,0,0,0,0,0,0,0,0,0,0,0,0,0,0,0,0,0,0,0,0,0,0,0,0,0,0,0,0,0,0,0,0,0,0,0,0,0,0,0,0,0,0,0,0,0,0,0,0,0,0,0,0,0,0,0,0,0,0,0,0,0,0,0,0,0,0,0,0,0,0,0,0,0,0,0,0,0,0,0,0,0,0,0,0,0,0,0,0,0,0,0,0,0,0,0,0,0,0,0,0,0,0,0,0,0,0,0,0,0,0,0,0,0,0,0,0,0,0,0,0,0,0,0,0,0,0,0,0,0,0,0,0,0,0,0,0,0,0,0,0,0,0,0,0,0,0,0,0,0,0,0,0,0,0,0,0,0,0,0,0,0,0,0,0,0,0,0,0,0,0,0,0,0,0,0,0,0,0,0,0,0,0,0,0
2.184,3.475,3.9216,4.8706,2.5254,3.0459,2.3248,2.8667,4.7732,3.6155,1.7831,8.4523,2.8087,158.11,6.7765,3.7269,4.7587,1.7478,3.8601,4.1526,2.3524,0.47495,6.7567,1.5457,5.3762,3.0528,4.3223,8.2703,3.0634,4.0157,4.0074,2.4864,3.9067,2.2041,2.3965,7.2995,7.5135,3.495,3.4912,13.316,5.3878,2.4482,10.576,3.5825,7.5426,3.3591,2.2762,3.753,2.7955,2.6882,7.0186,3.0367,2.572,4.9211,2.0379,2.6559,2.7091,3.0834,2.1179,3.1684,6.9926,3.2474,3.8525,2.5404,2.1963,3.425,3.3069,7.3933,3.6893,4.2565,1.893,9.902,7.9474,5.1176,4.0728,2.51,5.7794,6.2278,2.2553,4.36,2.099,5.5482,6.6155,3.6125,7.907,4.6469,7.5359,4.3233,2.517,1.5925,5.4342,4.3006,7.3115,4.2121,2.7598,0.48489,2.3238,4.915,3.2129,3.6297,2.5301,2.6741,2.1284,5.9624,2.6862,10.201,6.964,2.0385,5.396,2.2765,2.5418,2.5499,3.2024,2.4211,6.7976,3.8243,4.5083,5.7628,5.0281,2.0137,1.9353,5.0524,3.6446,2.4896,3.1321,9.5318,3.0326,6.3121,3.0111,5.2115,3.0872,2.3029,6.6095,1.5493,8.5706,4.2219,3.9219,3.3721,3.9015,2.9262,2.5574,3.8703,4.3995,0,0,0,0,0,0,0,0,0,0,0,0,0,0,0,0,0,0,0,0,0,0,0,0,0,0,0,0,0,0,0,0,0,0,0,0,0,0,0,0,0,0,0,0,0,0,0,0,0,0,0,0,0,0,0,0,0,0,0,0,0,0,0,0,0,0,0,0,0,0,0,0,0,0,0,0,0,0,0,0,0,0,0,0,0,0,0,0,0,0,0,0,0,0,0,0,0,0,0,0,0,0,0,0,0,0,0,0,0,0,0,0,0,0,0,0,0,0,0,0,0,0,0,0,0,0,0,0,0,0,0,0,0,0,0,0,0,0,0,0,0,0,0,0,0,0,0,0,0,0,0,0,0,0,0,0,0,0,0,0,0,0,0,0,0,0,0,0,0,0,0,0,0,0,0,0,0,0,0,0,0,0,0,0,0,0,0,0,0,0,0,0,0
2.892,5.5958,7.2922,3.5263,3.4952,3.5706,3.0267,4.3419,8.9326,5.7524,2.2097,8.069,4.0202,6.7765,158.11,6.1834,5.0779,2.1367,4.935,3.1776,1.8427,0.47973,4.8721,1.8553,5.729,4.5883,8.3074,8.6506,4.6735,7.4972,6.4802,3.0556,3.5102,2.7659,2.6427,5.1086,5.6804,4.4031,3.8074,12.626,11.149,3.2469,12.004,6.0582,15.7,5.0693,2.998,4.9189,3.9684,3.642,3.6189,4.501,2.9991,3.7156,1.899,2.5382,3.1697,4.4588,2.3458,4.8662,6.1684,4.4281,6.6299,3.4771,2.9091,5.3934,4.4885,4.9109,5.5211,5.8379,2.1762,7.9282,7.5159,3.7362,4.5558,3.43,12.869,12.745,2.8708,8.4297,2.5859,12.988,6.7727,3.6144,5.5292,8.9363,20.748,4.445,2.287,1.568,11.202,3.6596,6.3891,4.1884,2.6566,0.47855,2.5186,3.3752,2.2869,4.8628,3.1661,2.6669,2.8021,7.998,3.3428,8.7715,4.6835,2.321,17.584,2.8319,3.4785,3.5234,3.4663,3.1518,10.095,4.029,6.3403,6.2364,4.5031,2.5592,2.3274,14.637,6.0428,3.1936,4.8242,8.8583,4.422,8.7193,4.2658,7.7342,4.2033,2.8004,41.723,1.8107,9.0728,7.6379,6.2261,3.9323,6.4811,3.9783,3.4062,4.1544,7.6922,0,0,0,0,0,0,0,0,0,0,0,0,0,0,0,0,0,0,0,0,0,0,0,0,0,0,0,0,0,0,0,0,0,0,0,0,0,0,0,0,0,0,0,0,0,0,0,0,0,0,0,0,0,0,0,0,0,0,0,0,0,0,0,0,0,0,0,0,0,0,0,0,0,0,0,0,0,0,0,0,0,0,0,0,0,0,0,0,0,0,0,0,0,0,0,0,0,0,0,0,0,0,0,0,0,0,0,0,0,0,0,0,0,0,0,0,0,0,0,0,0,0,0,0,0,0,0,0,0,0,0,0,0,0,0,0,0,0,0,0,0,0,0,0,0,0,0,0,0,0,0,0,0,0,0,0,0,0,0,0,0,0,0,0,0,0,0,0,0,0,0,0,0,0,0,0,0,0,0,0,0,0,0,0,0,0,0,0,0,0,0,0,0
4.1075,6.2612,15.935,2.9038,5.1212,4.9484,5.8116,8.6337,16.679,4.719,2.996,3.8752,10.942,3.7269,6.1834,158.11,4.2106,2.9612,6.389,2.2602,1.7695,0.48529,3.0423,2.468,6.1375,13.945,22.845,3.6816,7.1793,30.689,18.426,5.1262,2.9274,4.9039,3.2278,3.1639,3.3093,3.1645,4.0816,4.7209,5.4593,3.8069,4.5981,13.094,6.785,25.76,4.3628,6.3847,4.3457,8.3091,2.8366,13.246,4.3512,2.698,1.8335,2.4744,4.4492,15.311,2.996,6.4038,3.1331,9.1746,22.835,7.6994,4.8882,6.0338,9.4064,2.9787,14.645,3.799,3.0846,3.5506,4.1608,3.6122,4.5718,7.1962,9.0042,5.2918,5.261,17.293,4.3423,9.2699,4.2045,2.409,3.1447,6.3015,5.473,4.5706,2.067,1.6355,5.2511,3.7609,4.6888,3.6352,2.528,0.46722,3.0861,2.529,1.9832,3.4904,2.9468,1.9938,4.2617,3.7697,5.5706,4.0814,3.6607,3.2743,8.2164,3.9636,3.7255,6.483,5.1709,6.2476,5.6154,2.6274,7.8118,3.2076,3.4709,4.1136,3.6137,9.2245,7.2159,6.0892,13.432,4.0735,14.213,5.8209,11.14,7.837,10.528,4.6046,6.0434,1.9451,3.7292,6.297,12.478,4.6302,5.0563,9.1892,7.5283,4.9524,5.1306,0,0,0,0,0,0,0,0,0,0,0,0,0,0,0,0,0,0,0,0,0,0,0,0,0,0,0,0,0,0,0,0,0,0,0,0,0,0,0,0,0,0,0,0,0,0,0,0,0,0,0,0,0,0,0,0,0,0,0,0,0,0,0,0,0,0,0,0,0,0,0,0,0,0,0,0,0,0,0,0,0,0,0,0,0,0,0,0,0,0,0,0,0,0,0,0,0,0,0,0,0,0,0,0,0,0,0,0,0,0,0,0,0,0,0,0,0,0,0,0,0,0,0,0,0,0,0,0,0,0,0,0,0,0,0,0,0,0,0,0,0,0,0,0,0,0,0,0,0,0,0,0,0,0,0,0,0,0,0,0,0,0,0,0,0,0,0,0,0,0,0,0,0,0,0,0,0,0,0,0,0,0,0,0,0,0,0,0,0,0,0,0,0
2.0907,2.8526,3.7501,2.57,2.3442,5.8287,2.834,2.8654,4.8582,2.7379,1.7553,6.9268,3.3076,4.7587,5.0779,4.2106,158.11,1.7487,8.7428,4.0092,1.9999,0.46764,6.3218,1.5762,3.7632,3.2494,4.4644,3.8472,2.7709,4.3187,5.3128,3.6326,9.4536,2.7477,4.3494,6.7464,6.8109,2.3716,10.66,4.7489,3.5244,2.0962,6.4693,3.3848,4.6909,4.0251,2.1494,8.5976,2.3323,3.4727,3.8513,3.8487,4.233,6.1825,3.0133,5.0652,4.8099,3.7142,3.3915,2.7333,3.5038,4.9722,3.8131,2.9737,2.2934,2.7984,5.0233,5.4552,5.1992,2.7362,2.5882,4.6935,9.7042,3.9768,17.59,2.759,6.5204,3.7274,2.7773,4.1465,2.6364,6.4063,13.528,2.284,5.5225,3.3672,4.3635,12.412,3.9734,2.2493,3.5202,5.9403,3.5566,23.037,5.5539,0.47821,4.0279,5.1783,2.9283,2.4899,1.9643,1.8422,2.1297,3.2944,4.1987,6.9616,8.2215,2.9168,4.3531,2.0741,2.143,2.5554,3.0002,3.0349,10.128,2.3831,8.787,3.1527,16.127,2.1369,2.4726,4.3205,3.018,3.3365,3.2185,6.8813,3.7284,11.492,4.0626,8.8492,4.1834,3.2138,4.5663,1.3705,4.1084,3.1825,5.9292,8.8122,2.8928,4.0315,3.0912,8.1742,3.088,0,0,0,0,0,0,0,0,0,0,0,0,0,0,0,0,0,0,0,0,0,0,0,0,0,0,0,0,0,0,0,0,0,0,0,0,0,0,0,0,0,0,0,0,0,0,0,0,0,0,0,0,0,0,0,0,0,0,0,0,0,0,0,0,0,0,0,0,0,0,0,0,0,0,0,0,0,0,0,0,0,0,0,0,0,0,0,0,0,0,0,0,0,0,0,0,0,0,0,0,0,0,0,0,0,0,0,0,0,0,0,0,0,0,0,0,0,0,0,0,0,0,0,0,0,0,0,0,0,0,0,0,0,0,0,0,0,0,0,0,0,0,0,0,0,0,0,0,0,0,0,0,0,0,0,0,0,0,0,0,0,0,0,0,0,0,0,0,0,0,0,0,0,0,0,0,0,0,0,0,0,0,0,0,0,0,0,0,0,0,0,0,0
7.1217,3.1468,3.0035,1.8341,5.1241,2.0891,3.8242,4.1648,2.5985,2.6582,20.392,1.7091,3.6474,1.7478,2.1367,2.9612,1.7487,158.11,2.1148,1.2905,1.2766,0.49698,1.5133,11.909,2.4431,3.7534,2.7477,1.8015,3.8291,2.8386,2.6035,2.5742,1.4812,3.5242,1.7792,1.5424,1.5793,2.0964,1.7946,1.958,2.3186,4.0298,1.8518,3.2936,2.2471,3.0884,6.7857,2.1181,3.4173,3.244,1.5536,3.1274,2.1673,1.4145,1.1743,1.4001,2.096,3.2764,1.8339,3.5496,1.6629,2.5702,3.0648,4.0345,7.2082,3.1638,2.5672,1.5075,2.6214,2.1864,2.2933,1.6952,1.7409,1.852,1.8409,4.6984,2.2544,2.2165,3.6828,2.8027,3.37,2.2702,1.7405,1.5911,1.5542,2.5626,2.1204,1.8548,1.2365,1.147,2.2746,1.7828,2.1702,1.6495,1.4056,0.44146,1.7596,1.3741,1.2416,2.2156,2.6119,1.4834,8.5635,1.9321,2.4479,1.7496,1.6738,2.1817,2.4229,6.2969,3.3972,5.3558,2.87,3.508,1.9475,1.6989,2.1792,1.7534,1.6011,8.4953,3.0177,2.4999,3.1352,3.0343,3.7263,1.7489,3.2487,1.9648,2.9522,2.1561,2.8685,2.6748,2.1748,2.9092,1.7855,2.7039,2.4707,1.9197,2.6178,2.8902,3.7066,1.9706,2.468,0,0,0,0,0,0,0,0,0,0,0,0,0,0,0,0,0,0,0,0,0,0,0,0,0,0,0,0,0,0,0,0,0,0,0,0,0,0,0,0,0,0,0,0,0,0,0,0,0,0,0,0,0,0,0,0,0,0,0,0,0,0,0,0,0,0,0,0,0,0,0,0,0,0,0,0,0,0,0,0,0,0,0,0,0,0,0,0,0,0,0,0,0,0,0,0,0,0,0,0,0,0,0,0,0,0,0,0,0,0,0,0,0,0,0,0,0,0,0,0,0,0,0,0,0,0,0,0,0,0,0,0,0,0,0,0,0,0,0,0,0,0,0,0,0,0,0,0,0,0,0,0,0,0,0,0,0,0,0,0,0,0,0,0,0,0,0,0,0,0,0,0,0,0,0,0,0,0,0,0,0,0,0,0,0,0,0,0,0,0,0,0,0
2.5333,3.304,4.8666,2.5325,2.8566,12.524,4.1463,3.7278,6.6427,2.9623,2.102,4.5753,4.987,3.8601,4.935,6.389,8.7428,2.1148,158.11,2.7735,1.9251,0.47299,3.8546,1.8809,4.3903,4.5719,6.1559,3.3198,3.4017,6.1018,9.5827,6.0926,4.7885,3.999,5.6249,4.0443,4.1447,2.3765,11.216,4.2397,3.6413,2.3979,4.9299,4.3801,4.902,6.5235,2.6175,60.981,2.6437,5.6421,3.2318,6.2877,7.136,3.6683,2.5623,4.0127,8.5379,5.9507,4.4396,3.2539,2.9461,11.222,5.1818,4.3392,2.9606,3.2303,11.443,3.5844,10.561,2.7535,3.5137,3.6311,5.5262,4.0409,13.949,3.8312,7.7453,3.7443,4.0512,5.4273,3.7692,7.6734,6.2419,2.1013,3.6934,3.683,4.2148,12.204,2.9745,2.1721,3.5912,5.9604,3.66,7.2323,4.1305,0.47087,5.1261,3.3607,2.4289,2.5302,2.0927,1.7361,2.6494,3.0663,7.825,4.7444,5.3893,4.0668,4.8325,2.5052,2.3998,3.317,3.895,4.6096,7.5693,2.2244,21.28,2.8084,5.7898,2.7495,3.4246,4.9684,3.5569,5.3812,4.4016,4.7057,6.0088,8.8299,7.2261,12.883,7.7437,5.0034,4.5189,1.4941,3.4597,3.5459,12.194,16.092,3.1287,7.3318,4.6736,14.257,3.2738,0,0,0,0,0,0,0,0,0,0,0,0,0,0,0,0,0,0,0,0,0,0,0,0,0,0,0,0,0,0,0,0,0,0,0,0,0,0,0,0,0,0,0,0,0,0,0,0,0,0,0,0,0,0,0,0,0,0,0,0,0,0,0,0,0,0,0,0,0,0,0,0,0,0,0,0,0,0,0,0,0,0,0,0,0,0,0,0,0,0,0,0,0,0,0,0,0,0,0,0,0,0,0,0,0,0,0,0,0,0,0,0,0,0,0,0,0,0,0,0,0,0,0,0,0,0,0,0,0,0,0,0,0,0,0,0,0,0,0,0,0,0,0,0,0,0,0,0,0,0,0,0,0,0,0,0,0,0,0,0,0,0,0,0,0,0,0,0,0,0,0,0,0,0,0,0,0,0,0,0,0,0,0,0,0,0,0,0,0,0,0,0,0
1.5169,2.0401,2.2567,2.3405,1.6673,2.3879,1.6969,1.8585,2.5533,2.1277,1.3092,5.2078,1.906,4.1526,3.1776,2.2602,4.0092,1.2905,2.7735,158.11,1.9071,0.45689,8.7225,1.1843,2.4234,1.9535,2.4304,3.6663,1.8962,2.3571,2.4643,1.9091,5.0157,1.6499,2.1805,7.8031,7.0484,2.1585,3.0265,3.5067,2.6272,1.6201,4.206,2.1139,2.9411,2.1432,1.5491,2.7566,1.7864,1.9073,3.6761,2.0599,2.0692,9.9324,2.591,3.1014,2.1992,2.0312,1.8925,1.9271,3.9424,2.2625,2.2282,1.7776,1.5514,2.0189,2.2773,8.5552,2.3794,2.3617,1.577,4.7397,4.9423,2.6965,3.2934,1.7249,3.0042,2.7951,1.6673,2.3903,1.6027,2.9756,4.7784,2.5628,7.2359,2.4083,3.1004,3.2164,3.6986,1.7831,2.6646,2.9459,2.6571,4.0837,3.3483,0.4917,2.1074,8.6923,3.3792,2.1795,1.6848,2.0577,1.5018,2.9876,2.0536,4.8849,4.3075,1.6989,2.7068,1.5169,1.6889,1.6996,1.9164,1.7604,3.7655,2.5274,2.8998,3.2527,5.1155,1.4593,1.5328,2.6284,2.0919,1.8399,1.971,4.8836,2.0289,3.6424,2.082,3.0622,2.1061,1.7867,3.0452,1.175,3.8839,2.2831,2.5379,2.78,2.2122,2.0542,1.7999,2.8025,2.3639,0,0,0,0,0,0,0,0,0,0,0,0,0,0,0,0,0,0,0,0,0,0,0,0,0,0,0,0,0,0,0,0,0,0,0,0,0,0,0,0,0,0,0,0,0,0,0,0,0,0,0,0,0,0,0,0,0,0,0,0,0,0,0,0,0,0,0,0,0,0,0,0,0,0,0,0,0,0,0,0,0,0,0,0,0,0,0,0,0,0,0,0,0,0,0,0,0,0,0,0,0,0,0,0,0,0,0,0,0,0,0,0,0,0,0,0,0,0,0,0,0,0,0,0,0,0,0,0,0,0,0,0,0,0,0,0,0,0,0,0,0,0,0,0,0,0,0,0,0,0,0,0,0,0,0,0,0,0,0,0,0,0,0,0,0,0,0,0,0,0,0,0,0,0,0,0,0,0,0,0,0,0,0,0,0,0,0,0,0,0,0,0,0
1.3795,1.6144,1.7274,2.6734,1.4784,1.8908,1.5465,1.5572,1.89,1.5741,1.264,1.9439,1.6278,2.3524,1.8427,1.7695,1.9999,1.2766,1.9251,1.9071,158.11,0.45414,2.0243,1.1785,2.3263,1.6528,1.8111,1.8494,1.5835,1.763,1.8421,1.6891,2.0307,1.5454,1.7379,2.0653,1.9994,1.5311,1.9638,2.0836,1.7635,1.4205,1.9999,1.6951,2.0119,1.7534,1.4306,1.8719,1.4726,1.6448,3.4541,1.6705,1.7807,2.0891,1.7722,1.923,1.799,1.7157,1.6493,1.5852,1.8006,1.8009,1.7644,1.573,1.4291,1.607,1.8244,2.0288,1.8307,1.6438,1.5169,1.9185,2.0225,3.4444,1.9935,1.5571,1.9227,1.8236,1.5492,1.8069,1.5207,1.8847,2.0044,1.5406,1.978,1.7327,1.8816,2.1839,1.8484,1.4988,1.7526,2.8026,2.3082,2.0209,1.8789,0.47442,1.7633,2.3418,3.8553,1.5534,1.3917,1.3978,1.3839,1.7454,1.7328,2.0146,2.584,1.6117,1.799,1.5194,1.3982,1.5316,2.2661,1.5918,1.9796,1.5664,1.95,1.7197,2.0786,1.4003,1.4661,1.7824,1.6614,1.6385,1.6513,1.9801,1.6886,2.0013,1.7032,1.9856,1.7745,1.6338,1.8279,1.0916,1.8511,1.6955,1.8176,1.8915,1.6214,1.7231,1.6173,2.1696,1.6765,0,0,0,0,0,0,0,0,0,0,0,0,0,0,0,0,0,0,0,0,0,0,0,0,0,0,0,0,0,0,0,0,0,0,0,0,0,0,0,0,0,0,0,0,0,0,0,0,0,0,0,0,0,0,0,0,0,0,0,0,0,0,0,0,0,0,0,0,0,0,0,0,0,0,0,0,0,0,0,0,0,0,0,0,0,0,0,0,0,0,0,0,0,0,0,0,0,0,0,0,0,0,0,0,0,0,0,0,0,0,0,0,0,0,0,0,0,0,0,0,0,0,0,0,0,0,0,0,0,0,0,0,0,0,0,0,0,0,0,0,0,0,0,0,0,0,0,0,0,0,0,0,0,0,0,0,0,0,0,0,0,0,0,0,0,0,0,0,0,0,0,0,0,0,0,0,0,0,0,0,0,0,0,0,0,0,0,0,0,0,0,0,0
0.49505,0.49181,0.48736,0.48193,0.49389,0.47098,0.48237,0.4901,0.4847,0.48984,0.49601,0.47124,0.48445,0.47495,0.47973,0.48529,0.46764,0.49698,0.47299,0.45689,0.45414,158.11,0.46648,0.49196,0.48236,0.4887,0.4843,0.47903,0.49227,0.48441,0.48028,0.47516,0.46037,0.48117,0.46121,0.46755,0.46831,0.48958,0.46606,0.47853,0.48615,0.49808,0.47645,0.48854,0.48262,0.48448,0.49771,0.47301,0.49346,0.48182,0.46869,0.48036,0.47058,0.46246,0.43893,0.45295,0.46982,0.48391,0.46207,0.49258,0.47801,0.47752,0.48773,0.4848,0.49161,0.49373,0.47804,0.46836,0.47942,0.48917,0.46824,0.47428,0.47203,0.4721,0.46843,0.48744,0.47909,0.48582,0.48158,0.48593,0.47978,0.47981,0.46992,0.48103,0.47008,0.48947,0.48354,0.4694,0.44594,0.43388,0.48614,0.46738,0.48235,0.46404,0.45348,0.33085,0.46144,0.45892,0.45226,0.49002,0.49577,0.48216,0.49253,0.48179,0.47419,0.47341,0.46856,0.46889,0.48413,0.49436,0.49393,0.49316,0.48295,0.4817,0.47407,0.48218,0.47593,0.47876,0.46597,0.49153,0.47648,0.48382,0.4904,0.47889,0.4886,0.47389,0.48266,0.47493,0.48048,0.47715,0.48163,0.4753,0.48151,0.50216,0.47849,0.48914,0.47789,0.46824,0.48928,0.47965,0.48554,0.47086,0.48821,0,0,0,0,0,0,0,0,0,0,0,0,0,0,0,0,0,0,0,0,0,0,0,0,0,0,0,0,0,0,0,0,0,0,0,0,0,0,0,0,0,0,0,0,0,0,0,0,0,0,0,0,0,0,0,0,0,0,0,0,0,0,0,0,0,0,0,0,0,0,0,0,0,0,0,0,0,0,0,0,0,0,0,0,0,0,0,0,0,0,0,0,0,0,0,0,0,0,0,0,0,0,0,0,0,0,0,0,0,0,0,0,0,0,0,0,0,0,0,0,0,0,0,0,0,0,0,0,0,0,0,0,0,0,0,0,0,0,0,0,0,0,0,0,0,0,0,0,0,0,0,0,0,0,0,0,0,0,0,0,0,0,0,0,0,0,0,0,0,0,0,0,0,0,0,0,0,0,0,0,0,0,0,0,0,0,0,0,0,0,0,0,0
1.8282,2.6216,3.0328,2.8528,2.0501,3.0718,2.0853,2.3533,3.6065,2.7146,1.5371,12.002,2.4247,6.7567,4.8721,3.0423,6.3218,1.5133,3.8546,8.7225,2.0243,0.46648,158.11,1.3684,3.2701,2.5129,3.3612,5.3773,2.407,3.2196,3.4031,2.3637,6.4204,2.0069,2.5983,58.862,32.947,2.6386,4.0215,5.5341,3.6117,1.9606,7.9266,2.7799,4.3676,2.8269,1.8775,3.8151,2.2014,2.4103,4.6338,2.6679,2.5577,12.99,2.5393,3.4134,2.7483,2.6314,2.2162,2.4476,5.4212,2.9817,2.9882,2.219,1.8834,2.586,3.0113,31.384,3.227,3.0141,1.848,8.2624,11.223,3.4869,4.6901,2.1436,4.5618,3.9352,2.0367,3.2844,1.9319,4.4935,9.8235,2.9434,22.069,3.2457,4.6295,4.5593,3.5116,1.8253,3.6676,3.877,3.6216,5.8973,3.6987,0.48734,2.4895,8.8981,3.3119,2.7078,2.0027,2.2559,1.8094,4.0393,2.584,10.78,6.8277,2.0079,3.8705,1.8284,2.0466,2.1082,2.4076,2.1786,6.5212,2.99,4.2171,4.2611,8.5769,1.7495,1.8204,3.719,2.7179,2.287,2.5415,10.71,2.6233,6.1289,2.6962,4.6347,2.7361,2.1803,4.537,1.3325,5.9355,3.0229,3.5183,3.6888,2.8631,2.6413,2.2502,3.8039,3.1182,0,0,0,0,0,0,0,0,0,0,0,0,0,0,0,0,0,0,0,0,0,0,0,0,0,0,0,0,0,0,0,0,0,0,0,0,0,0,0,0,0,0,0,0,0,0,0,0,0,0,0,0,0,0,0,0,0,0,0,0,0,0,0,0,0,0,0,0,0,0,0,0,0,0,0,0,0,0,0,0,0,0,0,0,0,0,0,0,0,0,0,0,0,0,0,0,0,0,0,0,0,0,0,0,0,0,0,0,0,0,0,0,0,0,0,0,0,0,0,0,0,0,0,0,0,0,0,0,0,0,0,0,0,0,0,0,0,0,0,0,0,0,0,0,0,0,0,0,0,0,0,0,0,0,0,0,0,0,0,0,0,0,0,0,0,0,0,0,0,0,0,0,0,0,0,0,0,0,0,0,0,0,0,0,0,0,0,0,0,0,0,0,0
4.7456,2.548,2.4727,1.6064,3.7213,1.8843,3.2783,3.2308,2.1939,2.2284,9.4269,1.5272,3.0059,1.5457,1.8553,2.468,1.5762,11.909,1.8809,1.1843,1.1785,0.49196,1.3684,158.11,2.0693,2.9899,2.3066,1.5888,2.9817,2.3777,2.2314,2.3172,1.3559,3.1121,1.6547,1.3917,1.4223,1.8191,1.6303,1.7097,1.9768,3.1295,1.6343,2.6612,1.926,2.5781,4.4437,1.8864,2.7516,2.7766,1.3942,2.6567,1.9755,1.2895,1.1076,1.302,1.9079,2.7294,1.7216,2.8061,1.4791,2.2463,2.5135,3.3135,4.9683,2.5517,2.2388,1.3605,2.258,1.8785,2.1795,1.509,1.5538,1.6413,1.6588,3.6704,1.9526,1.8993,3.2091,2.3343,3.0425,1.9649,1.5589,1.4242,1.3984,2.1471,1.8311,1.6649,1.1547,1.0984,1.9449,1.6022,1.8615,1.4988,1.3053,0.4349,1.639,1.255,1.1434,1.9067,2.2206,1.3404,5.4505,1.6905,2.1967,1.5563,1.5009,2.0441,2.0622,4.2752,2.7702,3.8574,2.4118,3.0235,1.7212,1.5107,1.9155,1.553,1.45,5.8817,2.827,2.1216,2.5407,2.6711,2.9609,1.5557,2.7257,1.7355,2.5352,1.8874,2.4609,2.427,1.8797,2.6669,1.5773,2.2495,2.1451,1.7374,2.1954,2.5008,3.0907,1.7636,2.0858,0,0,0,0,0,0,0,0,0,0,0,0,0,0,0,0,0,0,0,0,0,0,0,0,0,0,0,0,0,0,0,0,0,0,0,0,0,0,0,0,0,0,0,0,0,0,0,0,0,0,0,0,0,0,0,0,0,0,0,0,0,0,0,0,0,0,0,0,0,0,0,0,0,0,0,0,0,0,0,0,0,0,0,0,0,0,0,0,0,0,0,0,0,0,0,0,0,0,0,0,0,0,0,0,0,0,0,0,0,0,0,0,0,0,0,0,0,0,0,0,0,0,0,0,0,0,0,0,0,0,0,0,0,0,0,0,0,0,0,0,0,0,0,0,0,0,0,0,0,0,0,0,0,0,0,0,0,0,0,0,0,0,0,0,0,0,0,0,0,0,0,0,0,0,0,0,0,0,0,0,0,0,0,0,0,0,0,0,0,0,0,0,0
3.1754,5.1588,6.4242,5.2031,3.8673,3.6201,3.4149,4.5388,7.7658,4.4455,2.4731,4.0168,4.4131,5.3762,5.729,6.1375,3.7632,2.4431,4.3903,2.4234,2.3263,0.48236,3.2701,2.0693,158.11,5.1218,7.0018,4.258,4.8997,6.3317,5.9445,3.3319,2.8571,3.1523,2.6047,3.4305,3.5197,3.4342,3.4033,6.408,5.7459,3.4156,4.9735,6.1282,8.7285,5.5014,3.4204,4.2099,3.8366,3.9889,4.2274,4.5856,3.175,2.8643,1.7892,2.3309,3.2373,5.0026,2.4076,4.9112,3.5697,4.5279,6.7798,3.9017,3.2875,5.0455,4.671,3.2868,5.4184,4.2208,2.3784,3.9944,4.2318,6.338,3.8131,3.9704,6.5038,5.9507,3.2757,7.3766,2.9333,6.1889,4.0747,2.7144,3.4286,6.0269,6.0365,4.2108,2.0295,1.5355,5.4944,4.5078,12.095,3.3484,2.3592,0.4733,2.5498,2.8546,2.4378,3.7231,3.0051,2.2269,3.1247,4.2823,3.523,4.4032,4.461,2.5346,6.5242,3.6332,3.3304,4.0899,7.3597,3.5623,5.0773,2.9712,5.1835,3.6308,3.414,2.9591,2.5871,6.5222,5.7411,3.5472,5.2992,4.303,4.7617,5.104,4.4396,5.7065,4.6727,3.0996,5.8438,1.8656,4.2019,5.8105,5.2331,3.5349,4.8387,4.2893,3.9182,4.3551,5.1653,0,0,0,0,0,0,0,0,0,0,0,0,0,0,0,0,0,0,0,0,0,0,0,0,0,0,0,0,0,0,0,0,0,0,0,0,0,0,0,0,0,0,0,0,0,0,0,0,0,0,0,0,0,0,0,0,0,0,0,0,0,0,0,0,0,0,0,0,0,0,0,0,0,0,0,0,0,0,0,0,0,0,0,0,0,0,0,0,0,0,0,0,0,0,0,0,0,0,0,0,0,0,0,0,0,0,0,0,0,0,0,0,0,0,0,0,0,0,0,0,0,0,0,0,0,0,0,0,0,0,0,0,0,0,0,0,0,0,0,0,0,0,0,0,0,0,0,0,0,0,0,0,0,0,0,0,0,0,0,0,0,0,0,0,0,0,0,0,0,0,0,0,0,0,0,0,0,0,0,0,0,0,0,0,0,0,0,0,0,0,0,0,0
5.6349,6.7416,11.684,2.6866,7.2986,4.0089,7.2465,17.013,8.11,4.6853,3.8038,3.0784,16.903,3.0528,4.5883,13.945,3.2494,3.7534,4.5719,1.9535,1.6528,0.4887,2.5129,2.9899,5.1218,158.11,9.7945,3.104,9.8119,11.237,8.2853,4.7966,2.4279,5.6555,2.8384,2.5944,2.6964,3.0591,3.255,3.74,4.6469,4.5712,3.5408,14.291,4.9988,14.954,6.1048,4.5828,4.9919,8.8688,2.4403,11.911,3.8245,2.2638,1.6442,2.1401,3.7917,15.42,2.7466,7.7607,2.7003,6.6481,14.177,11.651,7.4605,6.5448,6.6977,2.4788,8.0121,3.5543,3.0864,2.9277,3.2243,3.0909,3.5052,13.054,5.5706,4.3928,6.2685,9.7794,4.8813,5.676,3.2396,2.2403,2.5995,5.5338,4.3015,3.5178,1.8126,1.5112,4.4749,3.092,4.0064,2.9039,2.1725,0.46237,2.7425,2.1479,1.766,3.3732,3.1338,1.9101,6.0843,3.2894,4.8711,3.2074,2.9351,3.163,5.9408,5.2145,4.2563,11.881,5.162,7.315,4.0281,2.4442,5.0897,2.822,2.783,5.7111,3.9162,6.4918,7.6038,6.2483,44.839,3.2043,14.15,4.1158,9.2349,5.035,8.4064,4.5477,4.6201,2.1659,3.1086,5.8365,6.9549,3.6402,4.8782,7.931,9.7137,3.825,4.7106,0,0,0,0,0,0,0,0,0,0,0,0,0,0,0,0,0,0,0,0,0,0,0,0,0,0,0,0,0,0,0,0,0,0,0,0,0,0,0,0,0,0,0,0,0,0,0,0,0,0,0,0,0,0,0,0,0,0,0,0,0,0,0,0,0,0,0,0,0,0,0,0,0,0,0,0,0,0,0,0,0,0,0,0,0,0,0,0,0,0,0,0,0,0,0,0,0,0,0,0,0,0,0,0,0,0,0,0,0,0,0,0,0,0,0,0,0,0,0,0,0,0,0,0,0,0,0,0,0,0,0,0,0,0,0,0,0,0,0,0,0,0,0,0,0,0,0,0,0,0,0,0,0,0,0,0,0,0,0,0,0,0,0,0,0,0,0,0,0,0,0,0,0,0,0,0,0,0,0,0,0,0,0,0,0,0,0,0,0,0,0,0,0
3.8759,7.108,22.084,3.1772,4.9131,4.526,4.6768,7.608,33.076,5.4655,2.8113,4.4728,7.6055,4.3223,8.3074,22.845,4.4644,2.7477,6.1559,2.4304,1.8111,0.4843,3.3612,2.3066,7.0018,9.7945,158.11,4.3611,7.25,51.102,15.416,4.3281,3.0546,4.0618,3.0367,3.5063,3.7026,3.5612,4.0375,5.8496,6.9945,3.8805,5.5264,13.905,9.37,12.395,4.1026,6.1227,4.6067,6.1714,3.069,8.8864,3.8821,2.8961,1.8393,2.4798,4.0211,9.3461,2.7747,6.8178,3.6049,7.3012,24.485,5.883,4.2712,6.7695,7.477,3.3082,11.124,4.4201,2.7625,4.1362,4.7448,3.8028,4.6457,5.7284,12.469,6.7781,4.3082,41.644,3.6699,12.91,4.7132,2.675,3.5285,8.1006,7.112,4.6451,2.1075,1.6063,6.6648,3.8309,5.5502,3.7853,2.5479,0.47033,2.9004,2.7057,2.0657,3.9665,3.1472,2.1648,3.8906,4.4854,4.7301,4.7569,3.9613,2.937,12.55,3.7826,3.8993,5.6265,4.8908,4.9472,6.643,2.9436,8.0296,3.7153,3.7049,3.6152,3.1391,14.958,8.4023,4.8865,10.385,4.7457,9.0014,6.7279,7.8151,8.7852,7.5596,3.9131,8.1288,1.9546,4.4149,7.8705,11.27,4.4695,6.0033,6.8246,5.6987,4.8387,6.2731,0,0,0,0,0,0,0,0,0,0,0,0,0,0,0,0,0,0,0,0,0,0,0,0,0,0,0,0,0,0,0,0,0,0,0,0,0,0,0,0,0,0,0,0,0,0,0,0,0,0,0,0,0,0,0,0,0,0,0,0,0,0,0,0,0,0,0,0,0,0,0,0,0,0,0,0,0,0,0,0,0,0,0,0,0,0,0,0,0,0,0,0,0,0,0,0,0,0,0,0,0,0,0,0,0,0,0,0,0,0,0,0,0,0,0,0,0,0,0,0,0,0,0,0,0,0,0,0,0,0,0,0,0,0,0,0,0,0,0,0,0,0,0,0,0,0,0,0,0,0,0,0,0,0,0,0,0,0,0,0,0,0,0,0,0,0,0,0,0,0,0,0,0,0,0,0,0,0,0,0,0,0,0,0,0,0,0,0,0,0,0,0,0
2.3495,4.1259,4.2086,3.8957,2.7443,2.6364,2.2591,3.0672,4.5918,4.8307,1.8681,7.8421,2.78,8.2703,8.6506,3.6816,3.8472,1.8015,3.3198,3.6663,1.8494,0.47903,5.3773,1.5888,4.258,3.104,4.3611,158.11,3.3936,4.1045,3.7506,2.2825,3.1454,2.1097,2.1187,5.5075,6.1148,5.1528,2.9137,11.484,7.9738,2.7874,9.3256,3.8329,7.2911,3.2447,2.4265,3.2977,3.3214,2.5787,3.8331,2.9731,2.2857,3.8382,1.7677,2.2395,2.3954,2.9801,1.9018,3.614,19.779,2.9681,3.9496,2.5128,2.2643,4.0676,3.0016,5.9577,3.4115,6.6274,1.7538,15.189,6.1694,3.2968,3.3481,2.5177,5.4012,9.5403,2.1707,4.5054,2.0023,5.3656,5.2633,5.5653,6.9047,6.0157,10.98,3.3275,2.1581,1.4269,8.4821,3.0128,5.7078,3.3887,2.3451,0.48447,2.0415,3.551,2.3656,5.3415,3.1118,3.5272,2.2387,15.602,2.4457,8.2319,4.1133,1.8576,6.4581,2.3445,3.0281,2.6481,2.7238,2.3256,5.7307,6.1925,3.877,16.252,3.8725,2.0383,1.8415,5.8765,4.2166,2.3458,3.2363,8.3529,2.9516,5.1733,2.8717,4.4123,2.8641,2.133,9.2082,1.7197,47.332,5.3215,3.6648,2.8969,5.2416,2.7444,2.4738,3.0649,6.1941,0,0,0,0,0,0,0,0,0,0,0,0,0,0,0,0,0,0,0,0,0,0,0,0,0,0,0,0,0,0,0,0,0,0,0,0,0,0,0,0,0,0,0,0,0,0,0,0,0,0,0,0,0,0,0,0,0,0,0,0,0,0,0,0,0,0,0,0,0,0,0,0,0,0,0,0,0,0,0,0,0,0,0,0,0,0,0,0,0,0,0,0,0,0,0,0,0,0,0,0,0,0,0,0,0,0,0,0,0,0,0,0,0,0,0,0,0,0,0,0,0,0,0,0,0,0,0,0,0,0,0,0,0,0,0,0,0,0,0,0,0,0,0,0,0,0,0,0,0,0,0,0,0,0,0,0,0,0,0,0,0,0,0,0,0,0,0,0,0,0,0,0,0,0,0,0,0,0,0,0,0,0,0,0,0,0,0,0,0,0,0,0,0
7.4685,15.781,10.575,2.9196,13.652,2.9463,4.3552,16.877,6.2648,7.6259,4.1373,2.9739,6.3723,3.0634,4.6735,7.1793,2.7709,3.8291,3.4017,1.8962,1.5835,0.49227,2.407,2.9817,4.8997,9.8119,7.25,3.3936,158.11,7.555,5.2626,3.2302,2.156,3.6937,2.2451,2.4737,2.5849,4.0805,2.6185,3.8729,5.8497,8.0683,3.4414,14.938,5.0884,6.3569,8.3016,3.4044,10.077,4.6841,2.3499,5.666,2.783,2.1187,1.4695,1.8529,2.7883,6.1087,2.1606,31.944,2.9332,4.1324,9.6519,5.6797,6.311,15.141,4.1617,2.415,4.8676,4.7566,2.3574,3.0109,2.9887,2.7996,2.8411,6.7283,4.7291,5.2184,3.9655,8.2361,3.35,4.806,2.9288,2.614,2.5496,7.6508,4.6764,2.8497,1.634,1.333,5.5805,2.6041,4.3252,2.4899,1.889,0.46393,2.1774,2.02,1.6672,4.6447,4.5857,2.2371,6.5078,3.8718,3.2885,3.0921,2.6309,2.3944,6.3192,6.5466,7.3862,10.43,4.2211,4.2776,3.5691,2.9144,3.8367,3.2152,2.4708,4.7516,2.8617,6.7708,16.759,3.8351,12.122,3.0952,5.9384,3.5431,4.8678,3.9778,4.6174,3.1147,4.9393,2.6609,3.3339,9.0533,4.6585,2.8248,7.7002,4.443,4.9905,2.9689,6.7404,0,0,0,0,0,0,0,0,0,0,0,0,0,0,0,0,0,0,0,0,0,0,0,0,0,0,0,0,0,0,0,0,0,0,0,0,0,0,0,0,0,0,0,0,0,0,0,0,0,0,0,0,0,0,0,0,0,0,0,0,0,0,0,0,0,0,0,0,0,0,0,0,0,0,0,0,0,0,0,0,0,0,0,0,0,0,0,0,0,0,0,0,0,0,0,0,0,0,0,0,0,0,0,0,0,0,0,0,0,0,0,0,0,0,0,0,0,0,0,0,0,0,0,0,0,0,0,0,0,0,0,0,0,0,0,0,0,0,0,0,0,0,0,0,0,0,0,0,0,0,0,0,0,0,0,0,0,0,0,0,0,0,0,0,0,0,0,0,0,0,0,0,0,0,0,0,0,0,0,0,0,0,0,0,0,0,0,0,0,0,0,0,0
