158.11,154.02,156.96,150,150.71,152.38,148.82,144.62,153.53,154.9,157.8,147.69,148.73,149.87,150.37,146.02,132.97,153.16,130.52,149.66,143.86,141.92,150.23,154.63,147.41,148.49,127.07,143.09,152.37,144.88,154.9,139.12,153.1,149.88,149.67,140.29,134.44,152.36,129.31,145.18,135.55,153.54,141.94,133.25,156.18,147.71,153.4,139.84,157.28,137.8,138.03,154.91,142.61,155.15,154.07,152.67,152.47,143.04,149.88,151.34,154.1,153.85,151.59,150.13,156.9,155.64,127.22,154.18,132.51,149.6,150.71,145.61,134.35,147.84,131.24,153,149.82,151.32,153.48,134.08,147.09,135.81,135.19,151.07,149.82,154.88,155.13,150.37,152.7,154.31,138.89,142.03,147.67,140.53,140.85,143.89,141.82,153.55,149.71,155.96,154.9,155.25,157.86,149.95,135.67,132.16,140.23,153.93,151.6,156.76,155.6,155.4,138.68,146.29,143.04,153.87,120.2,155.4,143.78,153.54,148.04,140.15,146.06,154.79,156.52,135.83,144.36,133.85,138.44,135.25,154.46,145.82,139.39,156.84,148.07,140.51,145.76,132.66,151.07,136.84,155.69,129.58,148.34,0,0,0,0,0,0,0,0,0,0,0,0,0,0,0,0,0,0,0,0,0,0,0,0,0,0,0,0,0,0,0,0,0,0,0,0,0,0,0,0,0,0,0,0,0,0,0,0,0,0,0,0,0,0,0,0,0,0,0,0,0,0,0,0,0,0,0,0,0,0,0,0,0,0,0,0,0,0,0,0,0,0,0,0,0,0,0,0,0,0,0,0,0,0,0,0,0,0,0,0,0,0,0,0,0,0,0,0,0,0,0,0,0,0,0,0,0,0,0,0,0,0,0,0,0,0,0,0,0,0,0,0,0,0,0,0,0,0,0,0,0,0,0,0,0,0,0,0,0,0,0,0,0,0,0,0,0,0,0,0,0,0,0,0,0,0,0,0,0,0,0,0,0,0,0,0,0,0,0,0,0,0,0,0,0,0,0,0,0,0,0,0,0
154.02,158.11,154.25,152.64,149.29,153.41,140.31,145.7,156.77,151.66,153.81,150.02,137.26,150.27,151.89,151.53,132.09,153.15,134.24,151.17,148.65,146.39,150.92,155.67,146.19,151.14,137.29,152.06,148.03,136.78,148.45,133.9,152.72,142.74,147.41,146.49,141.51,153.83,128.33,144.9,141.27,155.33,146.58,137.25,155.35,153.5,153.09,132.22,154.67,137.72,143.81,155,144.79,154.76,155.36,151.72,148.35,133.95,145.57,147.61,156.34,146.95,153.75,148.15,151.05,157.02,130.18,155.23,131.6,154.45,146.1,146.05,139.8,148.5,135.58,143.06,143.35,154.62,144.76,141.79,140.83,131.56,138.12,155.03,154.25,156.78,156.1,147.84,152.51,155.78,145.02,140.86,147.28,140.61,141.86,143.92,139.16,154.28,153.2,155.3,154.34,156.84,153.34,150.98,134.02,142.22,142.59,152.05,146.92,155.39,156.09,155.69,137.08,135.86,139.54,155.01,121.89,155.77,150.28,151.98,143.56,143.17,152.69,155.99,154.98,143.39,136.93,135.07,135.95,138.28,152.78,138.85,140.75,156.77,155.57,141.45,140.39,132.71,147.6,136.54,154.95,135.56,154.61,0,0,0,0,0,0,0,0,0,0,0,0,0,0,0,0,0,0,0,0,0,0,0,0,0,0,0,0,0,0,0,0,0,0,0,0,0,0,0,0,0,0,0,0,0,0,0,0,0,0,0,0,0,0,0,0,0,0,0,0,0,0,0,0,0,0,0,0,0,0,0,0,0,0,0,0,0,0,0,0,0,0,0,0,0,0,0,0,0,0,0,0,0,0,0,0,0,0,0,0,0,0,0,0,0,0,0,0,0,0,0,0,0,0,0,0,0,0,0,0,0,0,0,0,0,0,0,0,0,0,0,0,0,0,0,0,0,0,0,0,0,0,0,0,0,0,0,0,0,0,0,0,0,0,0,0,0,0,0,0,0,0,0,0,0,0,0,0,0,0,0,0,0,0,0,0,0,0,0,0,0,0,0,0,0,0,0,0,0,0,0,0,0
156.96,154.25,158.11,150.24,145.7,152.35,144.84,139.71,155.47,153.25,156.25,148.31,145.5,152.58,149.33,148.6,135.74,152.98,131.51,152.23,145.89,146.98,154,156.58,146.08,150.21,126.4,144.7,152.04,145.92,155.8,141.13,155.75,150.22,150.77,145.7,138.11,152.3,133.04,145.11,136,152.99,147.29,130.41,157.31,149.28,153.05,142.92,156.01,136.5,141.24,156.52,145.49,156.01,155.6,155.21,155.12,143.46,152.44,150.66,155.99,155.15,154.21,146.27,156.11,156.52,128.18,155.57,129.11,151.16,150.67,148.05,140.49,148.79,133.87,150.43,151.01,154.22,152.61,136.23,147.06,139.58,136.92,152.11,153.52,156.6,157.11,154.24,154.94,154.64,140.71,143.94,147.19,142.56,144.94,141.4,145.49,155.64,149.44,156.3,153.24,156.08,156.01,149.27,135.75,135.64,145.54,155.72,153.11,156.25,156.76,156.31,137.44,144.72,143.47,154.13,126.77,156.13,148.41,153.14,147.39,136.93,143.74,155.34,156.87,141.21,139.28,140.29,134.71,141.56,155.76,147.23,137.63,156.92,150.19,139.75,143.23,134.42,148.88,134.54,156.42,134.27,147.09,0,0,0,0,0,0,0,0,0,0,0,0,0,0,0,0,0,0,0,0,0,0,0,0,0,0,0,0,0,0,0,0,0,0,0,0,0,0,0,0,0,0,0,0,0,0,0,0,0,0,0,0,0,0,0,0,0,0,0,0,0,0,0,0,0,0,0,0,0,0,0,0,0,0,0,0,0,0,0,0,0,0,0,0,0,0,0,0,0,0,0,0,0,0,0,0,0,0,0,0,0,0,0,0,0,0,0,0,0,0,0,0,0,0,0,0,0,0,0,0,0,0,0,0,0,0,0,0,0,0,0,0,0,0,0,0,0,0,0,0,0,0,0,0,0,0,0,0,0,0,0,0,0,0,0,0,0,0,0,0,0,0,0,0,0,0,0,0,0,0,0,0,0,0,0,0,0,0,0,0,0,0,0,0,0,0,0,0,0,0,0,0,0
150,152.64,150.24,158.11,144.99,153.02,140.45,140.35,153.61,145.22,150.54,145,134.92,149.36,146.88,145.96,130.61,154.48,136.37,146.01,146.16,142.66,145.94,150.61,151.28,145.57,131.21,145.01,140.89,129.92,145.04,134.17,149.73,141.31,146.14,140.84,136.13,152.73,129.62,143.11,130.94,149.09,139.14,129.22,153.55,149.61,154.29,129.31,149.31,136.85,149.92,148.39,145.06,152.52,150.14,149.45,146.48,130.45,144.47,139.88,151.93,144.27,148.64,147.12,147.18,153.92,132.02,153.11,134.62,146.18,146.8,139.51,132.89,154.65,136.43,140.5,139.05,148.11,143.34,133.8,140.36,123.89,135.2,147.43,148.81,152.44,152.39,146.81,148.64,151.5,134.16,148.52,150.25,139.58,139.98,145.83,139.79,152.86,156.28,149.06,147.8,152.08,149.24,144.69,136.6,136.57,144.22,151.41,139.96,154.59,149.77,152.47,147.18,134.98,136.47,148.45,118.34,150.46,146.18,148.88,143.7,138.43,147.31,152.54,152.93,135.47,137.27,128.67,136.95,132.63,149.41,138.66,135.04,152.63,148.86,131.46,139.17,134.06,140.53,138.56,153.96,139.62,148.04,0,0,0,0,0,0,0,0,0,0,0,0,0,0,0,0,0,0,0,0,0,0,0,0,0,0,0,0,0,0,0,0,0,0,0,0,0,0,0,0,0,0,0,0,0,0,0,0,0,0,0,0,0,0,0,0,0,0,0,0,0,0,0,0,0,0,0,0,0,0,0,0,0,0,0,0,0,0,0,0,0,0,0,0,0,0,0,0,0,0,0,0,0,0,0,0,0,0,0,0,0,0,0,0,0,0,0,0,0,0,0,0,0,0,0,0,0,0,0,0,0,0,0,0,0,0,0,0,0,0,0,0,0,0,0,0,0,0,0,0,0,0,0,0,0,0,0,0,0,0,0,0,0,0,0,0,0,0,0,0,0,0,0,0,0,0,0,0,0,0,0,0,0,0,0,0,0,0,0,0,0,0,0,0,0,0,0,0,0,0,0,0,0
150.71,149.29,145.7,144.99,158.11,146.18,145.04,154.82,144.54,149.68,151.59,140.36,141.18,138.08,146.4,138.45,119.97,146.28,124.08,137.81,137.33,128,136.06,143.59,143.51,141.13,133.12,139.44,145.14,132.08,141.32,125.51,139.96,137.84,137.53,127.22,125.06,146.41,114.7,138.88,135.3,150.76,128.68,142.63,146.06,141.86,146.77,122.29,151.07,135.52,129.68,143.84,131.29,145.59,144.39,139.26,137.1,130.8,134.44,145.69,144.59,139.18,141.53,151.49,147.91,147.58,121.8,144.7,134.37,144.09,139.79,134.45,120.31,139.76,121.62,145.19,136.2,141.47,142.09,131.01,136.55,120.81,126.63,145.04,138.22,145.84,144.73,134.11,140.23,147.64,135.16,130.63,142.57,128.75,126,144.49,125.86,142.2,146.56,148.16,152.44,147.15,151.45,145.59,127.73,125.41,125.42,141.62,139.15,149.8,145.75,147.09,135.74,135.98,132.68,147.12,104.52,146.56,131.68,147.36,139.45,145.38,151.88,146.48,147.47,124.27,144.87,117.33,139.66,120.06,143.14,131.64,139.15,149.16,141.72,140.15,140.19,121.85,148.07,136.17,146.4,118.18,149.86,0,0,0,0,0,0,0,0,0,0,0,0,0,0,0,0,0,0,0,0,0,0,0,0,0,0,0,0,0,0,0,0,0,0,0,0,0,0,0,0,0,0,0,0,0,0,0,0,0,0,0,0,0,0,0,0,0,0,0,0,0,0,0,0,0,0,0,0,0,0,0,0,0,0,0,0,0,0,0,0,0,0,0,0,0,0,0,0,0,0,0,0,0,0,0,0,0,0,0,0,0,0,0,0,0,0,0,0,0,0,0,0,0,0,0,0,0,0,0,0,0,0,0,0,0,0,0,0,0,0,0,0,0,0,0,0,0,0,0,0,0,0,0,0,0,0,0,0,0,0,0,0,0,0,0,0,0,0,0,0,0,0,0,0,0,0,0,0,0,0,0,0,0,0,0,0,0,0,0,0,0,0,0,0,0,0,0,0,0,0,0,0,0
152.38,153.41,152.35,153.02,146.18,158.11,144.51,144.65,153.64,148.11,151.77,150.34,137.59,145.6,151.72,146.66,136.63,156.36,144.2,150.66,141.96,143.4,148.86,152.23,143.82,145.56,133.27,146.97,140.13,130.36,147.4,136.34,154.06,142.47,152.23,142.48,140.34,157.85,135.27,141.73,130.19,148.26,139.27,128.75,154.72,150.89,156.36,133.2,152.13,141.66,139.13,151.67,147.78,154.2,154.41,153.97,149.43,129.99,148.54,138.86,154.38,146.91,148.2,152.06,148.7,154.45,136.5,156.47,141.7,145.76,150.47,141.73,134.68,146.27,143.47,141.58,140.79,147.57,145.4,132.4,141.85,124.91,141.29,149.46,151.09,153.08,153.82,146.83,154.14,156.6,133.71,141.5,142.98,145.76,146.15,151.01,143.47,154.56,155.18,151.06,148.5,153.55,151.96,147.52,142.76,139.48,138.72,153.45,141.08,153.37,152.81,152.51,134.81,136.9,140.66,151.21,119.97,154.8,148.89,148.76,147.12,143.61,148.51,154.78,156.23,137.3,142.49,129.53,144.88,132.36,148.9,140.47,139.04,153.86,150.97,129.93,145.57,142.32,142.24,144.9,155.99,137.38,150.3,0,0,0,0,0,0,0,0,0,0,0,0,0,0,0,0,0,0,0,0,0,0,0,0,0,0,0,0,0,0,0,0,0,0,0,0,0,0,0,0,0,0,0,0,0,0,0,0,0,0,0,0,0,0,0,0,0,0,0,0,0,0,0,0,0,0,0,0,0,0,0,0,0,0,0,0,0,0,0,0,0,0,0,0,0,0,0,0,0,0,0,0,0,0,0,0,0,0,0,0,0,0,0,0,0,0,0,0,0,0,0,0,0,0,0,0,0,0,0,0,0,0,0,0,0,0,0,0,0,0,0,0,0,0,0,0,0,0,0,0,0,0,0,0,0,0,0,0,0,0,0,0,0,0,0,0,0,0,0,0,0,0,0,0,0,0,0,0,0,0,0,0,0,0,0,0,0,0,0,0,0,0,0,0,0,0,0,0,0,0,0,0,0
148.82,140.31,144.84,140.45,145.04,144.51,158.11,140.98,140.24,142.75,149.58,135.89,152.45,134.08,139.83,132.15,126.52,145.33,130.16,136,130.44,127.71,134.85,140.76,139.35,135.6,115.91,125.64,138.71,133.89,146.17,141.09,141.81,148.56,146.79,122.62,118.98,143.8,127.28,132.13,115.8,138.84,122.5,122,144.08,136.21,146.03,135.5,146.07,141.12,124.04,141.91,137.8,145.24,142.17,143.09,145.01,139.59,145.62,136.63,139.53,147.11,136.62,152.49,149.23,143.15,129.1,142.91,140.99,130.32,152.29,128.9,116.42,137.96,126.53,152.04,139.23,133.06,152.81,117.79,148.69,120.97,125.31,133.53,133.47,140.09,140.85,139.22,142.27,143.55,118.18,135.58,135.88,134.23,133.03,145.94,139.33,141.43,141.51,140.64,140.44,141.67,150.41,135.71,142.82,115.7,125.52,146.46,136.59,146.46,142.22,143.58,135.02,151.9,134.81,138.58,109.88,142.63,129.24,145.6,151.42,131.8,133.95,145.97,146.8,116.84,154.17,117.46,148.51,119.58,143.27,146.51,127.81,144.53,131.33,122.22,146.91,133.52,138,144.53,146.51,121.61,134.1,0,0,0,0,0,0,0,0,0,0,0,0,0,0,0,0,0,0,0,0,0,0,0,0,0,0,0,0,0,0,0,0,0,0,0,0,0,0,0,0,0,0,0,0,0,0,0,0,0,0,0,0,0,0,0,0,0,0,0,0,0,0,0,0,0,0,0,0,0,0,0,0,0,0,0,0,0,0,0,0,0,0,0,0,0,0,0,0,0,0,0,0,0,0,0,0,0,0,0,0,0,0,0,0,0,0,0,0,0,0,0,0,0,0,0,0,0,0,0,0,0,0,0,0,0,0,0,0,0,0,0,0,0,0,0,0,0,0,0,0,0,0,0,0,0,0,0,0,0,0,0,0,0,0,0,0,0,0,0,0,0,0,0,0,0,0,0,0,0,0,0,0,0,0,0,0,0,0,0,0,0,0,0,0,0,0,0,0,0,0,0,0,0
144.62,145.7,139.71,140.35,154.82,144.65,140.98,158.11,140.62,141.85,145.75,135.62,132.89,129.47,141.62,138.21,115.03,141.78,125.88,132.65,135.15,125.65,130.16,139,133.8,139.7,140.35,137.04,137.54,122.96,133.41,123.09,135.51,132.99,133.92,123.2,121.84,145.16,111.7,129.49,129.85,146.61,123.57,144.94,140.38,142.38,142.28,115.4,144.62,140.32,123.21,139.37,131.25,139.73,141.58,135,131.85,123.81,130.07,137.72,140.07,131.96,137.83,151.48,141.68,142.63,126.57,140.72,136.12,139.25,136.29,126.72,116.15,131.71,121.43,137.01,126.79,136.31,135.43,131.59,133.41,112.55,122.58,139.81,134.28,141.24,139.71,127.45,136.32,145.6,130.47,122.5,132.46,124.37,122.85,147.9,122.71,136.99,145.13,141.69,145.52,141.73,145.24,138.71,129.41,123.78,118.5,137.41,130.18,143.62,141.36,142.9,127.06,130.13,124.78,141.09,101.98,142.21,129.65,144.25,138.06,143.08,152.32,142.99,143.18,120.94,140.76,111.79,142.7,116.45,135.28,127.23,132.96,143.72,139.12,132.61,134.4,120.94,138.96,140.61,142.04,117.43,147.76,0,0,0,0,0,0,0,0,0,0,0,0,0,0,0,0,0,0,0,0,0,0,0,0,0,0,0,0,0,0,0,0,0,0,0,0,0,0,0,0,0,0,0,0,0,0,0,0,0,0,0,0,0,0,0,0,0,0,0,0,0,0,0,0,0,0,0,0,0,0,0,0,0,0,0,0,0,0,0,0,0,0,0,0,0,0,0,0,0,0,0,0,0,0,0,0,0,0,0,0,0,0,0,0,0,0,0,0,0,0,0,0,0,0,0,0,0,0,0,0,0,0,0,0,0,0,0,0,0,0,0,0,0,0,0,0,0,0,0,0,0,0,0,0,0,0,0,0,0,0,0,0,0,0,0,0,0,0,0,0,0,0,0,0,0,0,0,0,0,0,0,0,0,0,0,0,0,0,0,0,0,0,0,0,0,0,0,0,0,0,0,0,0
153.53,156.77,155.47,153.61,144.54,153.64,140.24,140.62,158.11,148.93,153.39,148.27,137.27,151.72,148.91,153.32,133.93,153.57,135.8,151.66,150.25,150.72,152.87,156.86,145.56,152.75,133.68,149.35,147.54,137.88,150.07,139.27,155.02,146.16,149.61,148.89,141.38,153.75,132.91,142.96,136.72,153.69,148.77,132.57,156.4,154.65,153.41,136.11,152.93,139.06,146.61,155.67,149.48,155.53,156.11,154.38,152.28,136.8,149.92,146.26,156.78,149.56,155.81,146.2,151.8,157.46,133.46,156.16,130.03,152.73,148.93,145.39,142.64,150.3,137.94,143.35,144.23,155.37,146.81,141.54,144.36,133.28,137.48,152.75,155.82,157.56,157.25,152.13,154.21,155.45,142.07,144.25,146.51,141.99,145.64,143.37,144.91,155.83,153.4,154.1,151.12,156.33,152.34,147.61,137.33,141.43,147.34,155.28,147.2,155.47,156.21,156.93,138.38,138.24,138.97,152.94,128.1,155.25,153.27,153.07,146.37,137.47,147.81,156.72,155.78,144.84,134.97,139.21,134.86,143.37,153.97,143.5,136.01,156.4,154.44,137.41,138.99,135.52,143.92,136.97,156.43,141.54,150.14,0,0,0,0,0,0,0,0,0,0,0,0,0,0,0,0,0,0,0,0,0,0,0,0,0,0,0,0,0,0,0,0,0,0,0,0,0,0,0,0,0,0,0,0,0,0,0,0,0,0,0,0,0,0,0,0,0,0,0,0,0,0,0,0,0,0,0,0,0,0,0,0,0,0,0,0,0,0,0,0,0,0,0,0,0,0,0,0,0,0,0,0,0,0,0,0,0,0,0,0,0,0,0,0,0,0,0,0,0,0,0,0,0,0,0,0,0,0,0,0,0,0,0,0,0,0,0,0,0,0,0,0,0,0,0,0,0,0,0,0,0,0,0,0,0,0,0,0,0,0,0,0,0,0,0,0,0,0,0,0,0,0,0,0,0,0,0,0,0,0,0,0,0,0,0,0,0,0,0,0,0,0,0,0,0,0,0,0,0,0,0,0,0
154.9,151.66,153.25,145.22,149.68,148.11,142.75,141.85,148.93,158.11,153.33,151.4,146.06,150.32,153.87,138.7,135.58,150.2,126.61,150.95,136.66,135.63,149.96,150.46,147.74,140.53,123.66,145.57,149.59,144.28,152.75,128.26,149.76,140.44,145.52,140.15,138.18,148.22,126.12,151.73,141.65,149.95,141.49,130.36,152.93,140.4,150.45,137.69,157.03,127.19,135.27,151.5,133.05,153.05,149.86,148.6,146.15,135.89,142.83,150.11,152.27,149.78,145.36,144.93,151.35,152.26,117.32,151.26,129.86,149.73,142.88,151.3,134.75,144.75,128.82,148.74,152.03,148.98,147.03,128.95,136.41,138.64,140.02,153.65,147.89,151.18,151.94,145.94,149.81,150.74,142.16,139.38,149.38,141.66,138.11,136.58,133.85,151.03,144,156.22,156.52,154.18,155.2,155.71,126.28,134.73,137.62,146.89,153.2,152.75,152.52,149.27,134.24,138.25,148.8,156.16,115.02,154.06,140.08,145.18,137.78,146.13,145.48,149.87,152.17,136.57,142.61,133,132.73,130,152.9,136.14,148.68,154.11,147.86,144.99,147.86,129.16,156.93,128.49,150.63,121.8,150.17,0,0,0,0,0,0,0,0,0,0,0,0,0,0,0,0,0,0,0,0,0,0,0,0,0,0,0,0,0,0,0,0,0,0,0,0,0,0,0,0,0,0,0,0,0,0,0,0,0,0,0,0,0,0,0,0,0,0,0,0,0,0,0,0,0,0,0,0,0,0,0,0,0,0,0,0,0,0,0,0,0,0,0,0,0,0,0,0,0,0,0,0,0,0,0,0,0,0,0,0,0,0,0,0,0,0,0,0,0,0,0,0,0,0,0,0,0,0,0,0,0,0,0,0,0,0,0,0,0,0,0,0,0,0,0,0,0,0,0,0,0,0,0,0,0,0,0,0,0,0,0,0,0,0,0,0,0,0,0,0,0,0,0,0,0,0,0,0,0,0,0,0,0,0,0,0,0,0,0,0,0,0,0,0,0,0,0,0,0,0,0,0,0
157.8,153.81,156.25,150.54,151.59,151.77,149.58,145.75,153.39,153.33,158.11,145.22,148.59,148.57,148.41,146.78,129.98,152.54,129.53,147.22,145.16,141.44,148.08,154.06,147.39,149.68,128,141.58,152.72,144.01,153.61,140.16,151.61,150.98,148.39,138.29,131.75,151.72,127.41,143.04,134.33,154.23,140.33,135.04,155.41,148.52,152.8,137.86,156.3,139.77,138.2,154.01,143.18,154.18,153.29,151.31,151.77,143.98,149.23,151.54,152.92,152.85,151.96,150.88,157.24,155.3,128.48,153.09,132.29,148.92,150.92,142.77,132.18,148.08,129.56,153.4,147.67,150.7,153.71,135.11,148.66,133.59,132.22,149.41,148.4,154.49,154.32,149.31,151.07,153.61,137.84,141.6,147.22,137.94,138.76,144.83,141.29,152.28,150.31,154.73,154.2,154.22,157.53,147.77,136.33,130.12,139.27,153.84,149.88,156.9,154.76,155.89,140.43,147.26,140.07,152.14,119.24,154.01,142.6,155.08,149.36,138.57,146.37,154.67,155.95,133.87,144.25,131.9,138.96,134.65,153.61,146.53,136.86,156.38,146.87,139.97,143.87,131.06,149.44,138.01,155.42,129.89,147.56,0,0,0,0,0,0,0,0,0,0,0,0,0,0,0,0,0,0,0,0,0,0,0,0,0,0,0,0,0,0,0,0,0,0,0,0,0,0,0,0,0,0,0,0,0,0,0,0,0,0,0,0,0,0,0,0,0,0,0,0,0,0,0,0,0,0,0,0,0,0,0,0,0,0,0,0,0,0,0,0,0,0,0,0,0,0,0,0,0,0,0,0,0,0,0,0,0,0,0,0,0,0,0,0,0,0,0,0,0,0,0,0,0,0,0,0,0,0,0,0,0,0,0,0,0,0,0,0,0,0,0,0,0,0,0,0,0,0,0,0,0,0,0,0,0,0,0,0,0,0,0,0,0,0,0,0,0,0,0,0,0,0,0,0,0,0,0,0,0,0,0,0,0,0,0,0,0,0,0,0,0,0,0,0,0,0,0,0,0,0,0,0,0
147.69,150.02,148.31,145,140.36,150.34,135.89,135.62,148.27,151.4,145.22,158.11,134.71,148.63,157.02,136.91,147.21,151.5,139.3,156.05,132.87,138.43,152.17,148.52,143.95,135.19,124.33,150.94,136.53,131.74,146.95,124.96,151.76,132.46,149.58,146.89,150.92,150.35,136.75,151.74,136.34,141.94,142.37,120.75,150.79,140.26,151.39,136,151.28,125.17,137.1,149.29,135.9,152.71,149.62,150.84,144.1,123.91,142.44,136.55,152.66,144.48,140.92,142.19,141.87,150.21,121.03,152.85,135.32,145.45,141.61,152.58,140.69,143.22,143.5,136.62,146.5,145.5,138.78,124.81,129.62,132.5,153.58,153.18,150.87,148.45,150.28,144.91,152.62,150.83,137.36,141.06,145.22,152.68,147.79,136.51,136.7,152.83,144.67,151.15,148.64,153.01,148.07,155.33,129.57,146.56,139.83,145.44,144.89,147.72,150.14,144.41,128.55,128.6,152.18,154.52,118.65,153.61,146.88,137.54,134.04,149.15,143.66,149.34,150.02,142.45,138.15,134.26,133.95,129.75,149.56,130.94,151.32,150.48,151.63,133.03,149.31,140.8,147.89,130.29,149.15,128.52,150.6,0,0,0,0,0,0,0,0,0,0,0,0,0,0,0,0,0,0,0,0,0,0,0,0,0,0,0,0,0,0,0,0,0,0,0,0,0,0,0,0,0,0,0,0,0,0,0,0,0,0,0,0,0,0,0,0,0,0,0,0,0,0,0,0,0,0,0,0,0,0,0,0,0,0,0,0,0,0,0,0,0,0,0,0,0,0,0,0,0,0,0,0,0,0,0,0,0,0,0,0,0,0,0,0,0,0,0,0,0,0,0,0,0,0,0,0,0,0,0,0,0,0,0,0,0,0,0,0,0,0,0,0,0,0,0,0,0,0,0,0,0,0,0,0,0,0,0,0,0,0,0,0,0,0,0,0,0,0,0,0,0,0,0,0,0,0,0,0,0,0,0,0,0,0,0,0,0,0,0,0,0,0,0,0,0,0,0,0,0,0,0,0,0
148.73,137.26,145.5,134.92,141.18,137.59,152.45,132.89,137.27,146.06,148.59,134.71,158.11,137.45,137.92,127.83,127.15,140.44,119.39,136.24,127.24,125.43,136.74,139.66,139.65,132.49,108.5,123.45,144.22,145.77,150.56,137.04,140.22,147.97,142.32,123.07,118.23,136.94,124.1,136.03,119.32,137.75,125.31,118.97,142.83,129.65,141.11,142.59,146.67,128.52,122.78,141.42,129.79,143.75,139.12,140.88,144.82,146.62,143.75,142.63,138.05,150.55,135.49,142.33,150.28,140.94,116.35,139.6,127.84,131.31,146.3,134.02,118.62,136.76,119.12,156.43,147.62,134.08,154.11,115.57,144.74,132.24,124.07,134.11,132.46,138.74,139.87,141.21,140.15,138.95,121.24,135.3,138.1,132.13,130.34,133.02,135.63,139.65,133.51,142.33,142.07,140.7,150.09,137.44,130.08,113.5,127.59,143.07,144.76,144.57,141.23,141.11,133.23,153.22,139.12,139.46,110.95,141.08,125.99,142.03,143.35,128.04,128.14,141.64,143.69,117.8,148.13,122.67,134.27,121.34,145.54,145.19,129.24,143.18,128.78,128.31,145.15,125.79,143.69,129.3,142.85,115.14,130.5,0,0,0,0,0,0,0,0,0,0,0,0,0,0,0,0,0,0,0,0,0,0,0,0,0,0,0,0,0,0,0,0,0,0,0,0,0,0,0,0,0,0,0,0,0,0,0,0,0,0,0,0,0,0,0,0,0,0,0,0,0,0,0,0,0,0,0,0,0,0,0,0,0,0,0,0,0,0,0,0,0,0,0,0,0,0,0,0,0,0,0,0,0,0,0,0,0,0,0,0,0,0,0,0,0,0,0,0,0,0,0,0,0,0,0,0,0,0,0,0,0,0,0,0,0,0,0,0,0,0,0,0,0,0,0,0,0,0,0,0,0,0,0,0,0,0,0,0,0,0,0,0,0,0,0,0,0,0,0,0,0,0,0,0,0,0,0,0,0,0,0,0,0,0,0,0,0,0,0,0,0,0,0,0,0,0,0,0,0,0,0,0,0
149.87,150.27,152.58,149.36,138.08,145.6,134.08,129.47,151.72,150.32,148.57,148.63,137.45,158.11,147.83,141.4,138.54,149.38,126.85,152.25,141.78,144.15,154.33,152.1,150.84,141.74,120.11,146.05,146.19,142.69,151.71,130.81,151.67,139.86,144.96,149.21,142.98,145.35,132.03,152,139,146.99,150.09,122.66,153.68,141.76,149.07,140.43,151.02,123.25,149.84,151.04,137.39,153.16,149.14,150.56,148.88,135.28,145.28,145.88,153.07,149.69,148.58,135.98,147.45,152.62,118.17,151.43,122.17,150.04,141.81,152.86,144.87,153.23,132.2,142.21,151.52,152.55,143.83,131.15,135.51,142.61,140.37,151.94,152.38,152.49,153.53,153.21,150.26,147.67,142.17,150.25,153.65,143.22,143.24,130.57,139.34,153.9,144.69,153.15,150.09,153.46,148.86,150.31,125.26,139.75,153.14,149.02,152.4,152.13,151.31,149.69,140.94,134.16,146.35,152.73,126.02,151.42,147.04,143.43,135.51,135.2,138.92,149.33,150.31,144.7,130.97,143.86,123.87,140.53,154.97,137.64,140.15,152.3,149.27,139.89,139.35,130.19,147.9,123.27,150.58,133.15,144.61,0,0,0,0,0,0,0,0,0,0,0,0,0,0,0,0,0,0,0,0,0,0,0,0,0,0,0,0,0,0,0,0,0,0,0,0,0,0,0,0,0,0,0,0,0,0,0,0,0,0,0,0,0,0,0,0,0,0,0,0,0,0,0,0,0,0,0,0,0,0,0,0,0,0,0,0,0,0,0,0,0,0,0,0,0,0,0,0,0,0,0,0,0,0,0,0,0,0,0,0,0,0,0,0,0,0,0,0,0,0,0,0,0,0,0,0,0,0,0,0,0,0,0,0,0,0,0,0,0,0,0,0,0,0,0,0,0,0,0,0,0,0,0,0,0,0,0,0,0,0,0,0,0,0,0,0,0,0,0,0,0,0,0,0,0,0,0,0,0,0,0,0,0,0,0,0,0,0,0,0,0,0,0,0,0,0,0,0,0,0,0,0,0
150.37,151.89,149.33,146.88,146.4,151.72,139.83,141.62,148.91,153.87,148.41,157.02,137.92,147.83,158.11,137.73,142.16,152.89,137.63,153.82,134.18,136.26,149.81,148.83,146.39,136.87,127.15,150.52,139.28,132.6,147.4,125.25,150.67,134.23,148.79,142.87,146.14,151.77,132.16,151.85,137.77,145.14,139.64,125.59,151.63,141.55,152.94,133.62,153.75,127.98,136.38,149.59,135.44,153.32,150.04,149.76,143.57,125.61,141.65,139.53,152.73,144.71,141.75,146.66,144.54,151.52,121.66,153.08,138.25,146.61,142.75,150.36,135.96,144.17,139.73,139.97,146.02,145.67,140.86,126.16,131.62,130.34,149.55,153.66,149.26,149.37,150.66,143.36,151.54,152.19,138.01,140.25,147.04,149.11,143.62,140.09,134.77,152.29,146.96,152.62,151.91,153.89,151.06,156.4,130.26,142.91,136.95,145.88,145.11,150.12,150.87,146.25,131.42,131.06,150.44,155.45,114.6,154.25,144.16,140.47,136.19,152.57,147.85,150.55,151.44,138.6,142.65,130.11,137.61,127.16,149.95,131.61,152.55,152.25,151.25,135.88,150.83,137.92,150.84,133.18,150.39,126.2,153.33,0,0,0,0,0,0,0,0,0,0,0,0,0,0,0,0,0,0,0,0,0,0,0,0,0,0,0,0,0,0,0,0,0,0,0,0,0,0,0,0,0,0,0,0,0,0,0,0,0,0,0,0,0,0,0,0,0,0,0,0,0,0,0,0,0,0,0,0,0,0,0,0,0,0,0,0,0,0,0,0,0,0,0,0,0,0,0,0,0,0,0,0,0,0,0,0,0,0,0,0,0,0,0,0,0,0,0,0,0,0,0,0,0,0,0,0,0,0,0,0,0,0,0,0,0,0,0,0,0,0,0,0,0,0,0,0,0,0,0,0,0,0,0,0,0,0,0,0,0,0,0,0,0,0,0,0,0,0,0,0,0,0,0,0,0,0,0,0,0,0,0,0,0,0,0,0,0,0,0,0,0,0,0,0,0,0,0,0,0,0,0,0,0
146.02,151.53,148.6,145.96,138.45,146.66,132.15,138.21,153.32,138.7,146.78,136.91,127.83,141.4,137.73,158.11,121.7,143.32,129.18,141.84,154.51,151.94,144.42,152.28,133,156.95,140.43,143.89,144.22,131.75,140.37,138.68,147.23,143.06,140.25,144.06,133.08,147.29,123.98,129.33,133.24,151.74,146,137.72,148.33,156.89,143.11,126.81,144.13,142.61,139.61,150.85,149.75,145.57,151.96,146.57,145.73,134.12,143.44,142.56,149.67,140.77,155.88,139.74,146.2,150.38,137.41,148.04,121.2,149.76,141.87,134.43,139.18,140.08,130.24,135.37,132.66,152.41,139.31,151.45,142.77,126.33,125.43,145.31,150.57,152.66,150.84,144.23,146.52,150.15,140.97,131.96,134.28,129.79,137.31,140.21,139.82,147.09,148.6,146.33,143.34,148.19,144.08,136.43,134.44,136.32,139.79,149.35,138.62,147.87,151.04,153.42,129.28,132.61,125.06,143.94,129.85,147.79,150.43,152.3,143.64,127.34,144.48,150.68,148.5,142.61,124.42,135.68,128.77,146.19,143.92,139.84,123.99,149.07,149.72,133.95,125.87,126.75,133.49,134.39,149.01,142.2,143.9,0,0,0,0,0,0,0,0,0,0,0,0,0,0,0,0,0,0,0,0,0,0,0,0,0,0,0,0,0,0,0,0,0,0,0,0,0,0,0,0,0,0,0,0,0,0,0,0,0,0,0,0,0,0,0,0,0,0,0,0,0,0,0,0,0,0,0,0,0,0,0,0,0,0,0,0,0,0,0,0,0,0,0,0,0,0,0,0,0,0,0,0,0,0,0,0,0,0,0,0,0,0,0,0,0,0,0,0,0,0,0,0,0,0,0,0,0,0,0,0,0,0,0,0,0,0,0,0,0,0,0,0,0,0,0,0,0,0,0,0,0,0,0,0,0,0,0,0,0,0,0,0,0,0,0,0,0,0,0,0,0,0,0,0,0,0,0,0,0,0,0,0,0,0,0,0,0,0,0,0,0,0,0,0,0,0,0,0,0,0,0,0,0
132.97,132.09,135.74,130.61,119.97,136.63,126.52,115.03,133.93,135.58,129.98,147.21,127.15,138.54,142.16,121.7,158.11,139.3,137.55,147.73,117.66,130.52,144.54,135.23,131.59,119.82,105.02,132.61,121.22,123.92,139.36,121.93,143.3,124.45,145.82,139.46,144.63,135.97,149.79,140.93,116.64,122.79,132.34,100.73,137.84,124.52,139.07,141.91,135.43,113.52,126.94,136.23,128.84,141.15,135.84,143.55,138.53,116.83,139.25,120.25,138.56,138.58,126.47,126.96,128.73,135.37,114.04,140.41,127.43,126.66,135.37,143.86,136.02,132.53,145.49,126.18,141.48,130.07,130.88,107.95,121.6,129.76,152.87,135.55,138.86,133.21,136.61,140.46,143.99,135.29,118.67,138.51,132.16,155.74,150.79,122.38,137.94,142.19,128.7,135.02,129.55,137.98,133.48,139.3,125.95,135.05,136.19,136.23,134.5,132.67,135.79,129.43,118.1,122.49,151,138.22,122.08,139.25,137.89,122.51,125.37,130.37,121.33,135.98,136.78,132.86,128.5,133.06,123.86,123.87,139.35,126.88,136.51,135.13,134.74,114.18,144.03,146.69,131.36,120.26,136.67,125.01,129.23,0,0,0,0,0,0,0,0,0,0,0,0,0,0,0,0,0,0,0,0,0,0,0,0,0,0,0,0,0,0,0,0,0,0,0,0,0,0,0,0,0,0,0,0,0,0,0,0,0,0,0,0,0,0,0,0,0,0,0,0,0,0,0,0,0,0,0,0,0,0,0,0,0,0,0,0,0,0,0,0,0,0,0,0,0,0,0,0,0,0,0,0,0,0,0,0,0,0,0,0,0,0,0,0,0,0,0,0,0,0,0,0,0,0,0,0,0,0,0,0,0,0,0,0,0,0,0,0,0,0,0,0,0,0,0,0,0,0,0,0,0,0,0,0,0,0,0,0,0,0,0,0,0,0,0,0,0,0,0,0,0,0,0,0,0,0,0,0,0,0,0,0,0,0,0,0,0,0,0,0,0,0,0,0,0,0,0,0,0,0,0,0,0
153.16,153.15,152.98,154.48,146.28,156.36,145.33,141.78,153.57,150.2,152.54,151.5,140.44,149.38,152.89,143.32,139.3,158.11,141.61,151.31,139.57,141.51,149.87,151.88,149.5,142.97,127.86,146.15,141.13,132.91,149.76,135.14,153.85,142.55,152.3,142.37,140.59,155.92,136.16,146.86,130.79,147.76,139.45,125.81,155.54,147.53,158.07,135.88,153.2,136.63,142.63,150.77,144.8,155.96,152.1,153.64,149.87,131.29,148.55,140.07,154.45,148.82,147.09,150.63,149.39,155.36,131.19,156.37,140.89,145.58,150.45,144.6,134.65,150.48,142.01,143.9,144.73,147.54,146.94,128.92,141.02,127.71,143.11,149.97,150.59,153.05,154.08,148.76,153.26,154.22,133.43,147.07,148.53,147.59,145.92,146.87,143.04,155.12,153.51,152.02,149.89,154.49,152.95,149.71,139.7,138.42,141.98,153.4,143.73,154.68,152.1,152.26,140.17,138.09,144.91,152.17,118.96,154.19,147.13,147.7,145.46,144.22,146.64,154.42,156.05,136.46,144.24,130.51,142.36,131.35,152.19,140.6,141.78,154.83,149.9,131.18,148.41,141.54,145.16,140.99,156.43,135.73,149.55,0,0,0,0,0,0,0,0,0,0,0,0,0,0,0,0,0,0,0,0,0,0,0,0,0,0,0,0,0,0,0,0,0,0,0,0,0,0,0,0,0,0,0,0,0,0,0,0,0,0,0,0,0,0,0,0,0,0,0,0,0,0,0,0,0,0,0,0,0,0,0,0,0,0,0,0,0,0,0,0,0,0,0,0,0,0,0,0,0,0,0,0,0,0,0,0,0,0,0,0,0,0,0,0,0,0,0,0,0,0,0,0,0,0,0,0,0,0,0,0,0,0,0,0,0,0,0,0,0,0,0,0,0,0,0,0,0,0,0,0,0,0,0,0,0,0,0,0,0,0,0,0,0,0,0,0,0,0,0,0,0,0,0,0,0,0,0,0,0,0,0,0,0,0,0,0,0,0,0,0,0,0,0,0,0,0,0,0,0,0,0,0,0
130.52,134.24,131.51,136.37,124.08,144.2,130.16,125.88,135.8,126.61,129.53,139.3,119.39,126.85,137.63,129.18,137.55,141.61,158.11,137.91,123.3,132.05,133.4,133.69,126.03,125.33,120.45,132.18,115.5,109.65,128.48,126.51,139.65,124.74,145.35,131.06,134.86,143.79,142.99,125.29,109.38,124.33,122.61,107.36,135.42,135.32,141.43,122.83,130.85,132.75,125.11,133.45,141.43,137.66,137.4,140.83,134.27,110.81,136.95,113.91,136.33,129.31,127.56,138.41,126.4,135.29,139.23,140.66,145.1,123.43,139.68,125.32,123.77,129.69,155.11,120.64,122.81,126.29,127.11,113.61,126.21,108.26,139.83,129.84,135.51,132.64,134.35,131.42,140.99,139.34,112.54,130.82,123.76,145.01,145.18,141.13,138.62,138.99,139.78,128.92,124.98,134.93,130.96,129.43,145.18,132.94,125.66,137.75,119.63,132.48,133.92,131.62,118.4,120.48,129.85,131.5,115.63,136.84,139.54,127.46,134.71,130.9,129.65,139.15,137.65,124.93,130.96,116.9,142.15,118.71,130.73,126.92,125.1,133.73,135.32,106.41,136.63,153.56,120.05,143.42,138.42,136.93,132.21,0,0,0,0,0,0,0,0,0,0,0,0,0,0,0,0,0,0,0,0,0,0,0,0,0,0,0,0,0,0,0,0,0,0,0,0,0,0,0,0,0,0,0,0,0,0,0,0,0,0,0,0,0,0,0,0,0,0,0,0,0,0,0,0,0,0,0,0,0,0,0,0,0,0,0,0,0,0,0,0,0,0,0,0,0,0,0,0,0,0,0,0,0,0,0,0,0,0,0,0,0,0,0,0,0,0,0,0,0,0,0,0,0,0,0,0,0,0,0,0,0,0,0,0,0,0,0,0,0,0,0,0,0,0,0,0,0,0,0,0,0,0,0,0,0,0,0,0,0,0,0,0,0,0,0,0,0,0,0,0,0,0,0,0,0,0,0,0,0,0,0,0,0,0,0,0,0,0,0,0,0,0,0,0,0,0,0,0,0,0,0,0,0
149.66,151.17,152.23,146.01,137.81,150.66,136,132.65,151.66,150.95,147.22,156.05,136.24,152.25,153.82,141.84,147.73,151.31,137.91,158.11,137.89,145.58,156.82,152.71,143.11,140.26,123.5,150.08,140.66,137.27,151,131.32,155.72,137.89,151.78,152.21,151.11,150.67,140.52,149.7,136.22,144.17,148.94,120.81,153.65,143.65,151.13,142.18,151.95,127.3,140.4,153.37,141.04,154.5,153.08,154.89,149.96,129.95,148.11,140.02,155.21,149.36,146.4,140.32,145.48,152.46,123.74,154.82,130.21,148.04,144.7,154.22,147.35,145.31,143.56,139.19,149.86,150.19,142.61,129.09,134.61,138.97,150.5,153.73,155.08,151.93,153.81,151.38,156.02,152.3,139.61,143.62,145.07,152.47,152.01,135.75,143.07,155.78,145.32,153.04,148.55,154.69,149.27,152.99,131.74,146.55,146.39,149.9,149.2,149.68,153.48,148.14,129.52,132.57,150.82,154.86,127.71,155.38,151.78,141.29,137.54,141.61,140.94,151.68,152.29,147.64,134.83,142.88,131.24,138.71,152.7,136.99,144.99,152.36,152.87,134.17,145.82,141.32,146.63,129.63,151.64,134.14,147.85,0,0,0,0,0,0,0,0,0,0,0,0,0,0,0,0,0,0,0,0,0,0,0,0,0,0,0,0,0,0,0,0,0,0,0,0,0,0,0,0,0,0,0,0,0,0,0,0,0,0,0,0,0,0,0,0,0,0,0,0,0,0,0,0,0,0,0,0,0,0,0,0,0,0,0,0,0,0,0,0,0,0,0,0,0,0,0,0,0,0,0,0,0,0,0,0,0,0,0,0,0,0,0,0,0,0,0,0,0,0,0,0,0,0,0,0,0,0,0,0,0,0,0,0,0,0,0,0,0,0,0,0,0,0,0,0,0,0,0,0,0,0,0,0,0,0,0,0,0,0,0,0,0,0,0,0,0,0,0,0,0,0,0,0,0,0,0,0,0,0,0,0,0,0,0,0,0,0,0,0,0,0,0,0,0,0,0,0,0,0,0,0,0
143.86,148.65,145.89,146.16,137.33,141.96,130.44,135.15,150.25,136.66,145.16,132.87,127.24,141.78,134.18,154.51,117.66,139.57,123.3,137.89,158.11,148.86,140.88,149.74,135.48,154.7,136.32,139.81,144.51,132.05,138.68,136.83,143.03,142.2,136.27,139.99,128.19,142.31,119.66,128.84,132.28,150.3,143.34,137.57,145.9,152.89,139.3,124.55,141.89,138.51,142.91,148.22,145.52,142.61,148.71,142.61,142.88,135.3,140.15,143.04,145.6,138.92,153.64,136.55,144.72,147.24,132.48,143.82,117.31,147.58,139.28,131.92,135.29,143.09,124.41,135.3,131.46,150.19,138.27,150.21,141.62,125.53,120.94,141.99,146.21,149.51,147.51,142.78,142.35,146.13,139.44,133.87,136.68,125.53,132.23,136.45,136.34,144.57,147.57,143.66,141.84,145.16,142.18,133.88,129.95,131.33,140.67,146.32,137.49,147.39,148.06,150.94,134.58,132.19,122.48,141.02,126.79,144.16,145.3,150.89,141.01,123.79,141.68,147.68,144.9,138.28,122.27,133.4,124.5,144.13,142.45,138.49,121.15,146.26,145.37,134.54,122.81,121.36,132.26,130,145.41,139.99,140.53,0,0,0,0,0,0,0,0,0,0,0,0,0,0,0,0,0,0,0,0,0,0,0,0,0,0,0,0,0,0,0,0,0,0,0,0,0,0,0,0,0,0,0,0,0,0,0,0,0,0,0,0,0,0,0,0,0,0,0,0,0,0,0,0,0,0,0,0,0,0,0,0,0,0,0,0,0,0,0,0,0,0,0,0,0,0,0,0,0,0,0,0,0,0,0,0,0,0,0,0,0,0,0,0,0,0,0,0,0,0,0,0,0,0,0,0,0,0,0,0,0,0,0,0,0,0,0,0,0,0,0,0,0,0,0,0,0,0,0,0,0,0,0,0,0,0,0,0,0,0,0,0,0,0,0,0,0,0,0,0,0,0,0,0,0,0,0,0,0,0,0,0,0,0,0,0,0,0,0,0,0,0,0,0,0,0,0,0,0,0,0,0,0
141.92,146.39,146.98,142.66,128,143.4,127.71,125.65,150.72,135.63,141.44,138.43,125.43,144.15,136.26,151.94,130.52,141.51,132.05,145.58,148.86,158.11,148.94,151.84,131.57,149.29,127.37,141.44,138.16,131.85,141.75,140.21,149.48,140.8,143.41,150.86,138.99,144.03,134.9,130.55,127.63,142.79,150.51,122.06,147.14,150.34,140.97,134.66,140.66,133.94,141.88,150.39,150.64,144.77,150.04,149.2,148.57,132.33,147.19,136.01,148.44,142.77,151.86,132.38,141.73,147.26,134.39,147.08,118.02,144.6,141.82,138.07,148.2,140.58,136.82,131.67,135.83,150.07,137.84,141.22,139.49,131.96,130.79,142.89,152.16,149.45,149.37,149.56,148.68,146.01,135.92,136.92,133.36,136.41,146.18,132.4,146.78,148.54,143.04,143.37,137.5,146.36,140.03,134.92,134.13,139.53,148.03,149.1,139.31,144.34,149.62,148.44,126.57,130.41,129.2,142.07,143.37,146.49,154.56,144.51,139.99,122.37,134.07,148.23,146.01,148.09,120.31,146.04,123.36,153.06,144.39,140.92,122.45,146.05,147.61,126.79,126.12,133.09,129.83,128.52,146.63,148.83,137.13,0,0,0,0,0,0,0,0,0,0,0,0,0,0,0,0,0,0,0,0,0,0,0,0,0,0,0,0,0,0,0,0,0,0,0,0,0,0,0,0,0,0,0,0,0,0,0,0,0,0,0,0,0,0,0,0,0,0,0,0,0,0,0,0,0,0,0,0,0,0,0,0,0,0,0,0,0,0,0,0,0,0,0,0,0,0,0,0,0,0,0,0,0,0,0,0,0,0,0,0,0,0,0,0,0,0,0,0,0,0,0,0,0,0,0,0,0,0,0,0,0,0,0,0,0,0,0,0,0,0,0,0,0,0,0,0,0,0,0,0,0,0,0,0,0,0,0,0,0,0,0,0,0,0,0,0,0,0,0,0,0,0,0,0,0,0,0,0,0,0,0,0,0,0,0,0,0,0,0,0,0,0,0,0,0,0,0,0,0,0,0,0,0
150.23,150.92,154,145.94,136.06,148.86,134.85,130.16,152.87,149.96,148.08,152.17,136.74,154.33,149.81,144.42,144.54,149.87,133.4,156.82,140.88,148.94,158.11,154.31,142.59,143.46,122.24,148.1,144.2,141.69,152.72,134.48,156.16,141.08,150.17,153.94,148.44,148.84,139.29,147.8,136.8,145.81,152.88,121.4,154.38,144.68,149.63,144.73,151.42,127.17,142.65,154.45,142.4,154.16,153.3,155.21,152.41,134.58,149.92,143.24,155.47,151.51,149.85,137.59,147.58,153.06,123.36,154.25,124.87,149.73,144.74,154.06,150.39,146.36,139.59,140.73,151.33,153.13,144.39,132.22,137.25,143.64,145.37,153.07,156.22,153.53,155.12,154.64,155.59,151.31,141.59,144.46,145.21,148.75,151.1,133.34,144.99,155.79,144.32,153.62,148.35,154.49,149.14,150.33,130.55,144.29,150.44,151.48,152.04,150.33,154.19,150.15,130.79,134.69,147.93,153.82,132.86,154.64,152.73,143.57,138.4,135.91,138.6,151.53,152.4,149.72,131.41,148.26,127.39,144.67,154.04,140.13,140.1,152.74,152.09,136.14,141.45,137.67,145.75,127.07,152.06,136.13,145.1,0,0,0,0,0,0,0,0,0,0,0,0,0,0,0,0,0,0,0,0,0,0,0,0,0,0,0,0,0,0,0,0,0,0,0,0,0,0,0,0,0,0,0,0,0,0,0,0,0,0,0,0,0,0,0,0,0,0,0,0,0,0,0,0,0,0,0,0,0,0,0,0,0,0,0,0,0,0,0,0,0,0,0,0,0,0,0,0,0,0,0,0,0,0,0,0,0,0,0,0,0,0,0,0,0,0,0,0,0,0,0,0,0,0,0,0,0,0,0,0,0,0,0,0,0,0,0,0,0,0,0,0,0,0,0,0,0,0,0,0,0,0,0,0,0,0,0,0,0,0,0,0,0,0,0,0,0,0,0,0,0,0,0,0,0,0,0,0,0,0,0,0,0,0,0,0,0,0,0,0,0,0,0,0,0,0,0,0,0,0,0,0,0
154.63,155.67,156.58,150.61,143.59,152.23,140.76,139,156.86,150.46,154.06,148.52,139.66,152.1,148.83,152.28,135.23,151.88,133.69,152.71,149.74,151.84,154.31,158.11,144.1,152.38,130.65,147.88,149.64,141.96,152.56,140.54,155.63,147.82,150.35,149.33,141.19,152.44,133.7,143.22,137.14,153.16,150.21,131.42,156.43,152.73,151.65,139.86,154.11,137.61,143.7,157.61,148.35,154.85,156.8,155.08,153.93,139.89,151.47,148.26,156.33,152.08,155.79,144.89,153.3,156.44,131.25,155.31,127.91,152.65,149.35,147.3,144.22,148.64,136.56,145.45,147.27,155.66,148.78,140.68,145.33,137.67,137.53,152.8,155.65,157.06,157.1,153.63,155.17,155.1,142.79,143.13,145.51,142.49,146.48,140.82,145.93,155.81,150.55,155.03,151.61,156.07,153.56,148.19,136.26,140.12,147.32,155.28,150.31,155.37,157.65,156.36,135.88,140.34,140.7,153.64,130.4,156.07,152.5,152.78,146.39,136.16,145.29,156.3,155.77,145.55,134.93,142.33,133.35,145.27,154.48,145.26,136.11,156.54,153.22,138.78,139.7,135.15,145.53,134.81,155.59,139.16,148.49,0,0,0,0,0,0,0,0,0,0,0,0,0,0,0,0,0,0,0,0,0,0,0,0,0,0,0,0,0,0,0,0,0,0,0,0,0,0,0,0,0,0,0,0,0,0,0,0,0,0,0,0,0,0,0,0,0,0,0,0,0,0,0,0,0,0,0,0,0,0,0,0,0,0,0,0,0,0,0,0,0,0,0,0,0,0,0,0,0,0,0,0,0,0,0,0,0,0,0,0,0,0,0,0,0,0,0,0,0,0,0,0,0,0,0,0,0,0,0,0,0,0,0,0,0,0,0,0,0,0,0,0,0,0,0,0,0,0,0,0,0,0,0,0,0,0,0,0,0,0,0,0,0,0,0,0,0,0,0,0,0,0,0,0,0,0,0,0,0,0,0,0,0,0,0,0,0,0,0,0,0,0,0,0,0,0,0,0,0,0,0,0,0
147.41,146.19,146.08,151.28,143.51,143.82,139.35,133.8,145.56,147.74,147.39,143.95,139.65,150.84,146.39,133,131.59,149.5,126.03,143.11,135.48,131.57,142.59,144.1,158.11,134.43,118,138.76,140.24,133.97,145.84,126.07,143.51,136.4,141.29,134.35,132,143.13,125.2,151.02,131.11,143.05,133.98,122.25,148.76,136.19,149.44,131.18,148.33,123.45,146.73,142.77,131.65,149.53,142,143.11,141.24,130.23,138.55,140.26,145.75,143.62,139.64,140.96,144.23,148.25,116.62,146.34,129.92,141.17,140.98,142.38,127.55,155.21,127.58,142.95,144.55,141.98,142.37,122.37,133.4,128.08,134.99,144.44,141.31,145.48,146.2,143.67,142.51,143.21,131.24,151.67,157.21,138.24,133.74,134.12,132.07,147.73,145.69,146.94,147.77,148.14,147.82,146.99,125.46,129.44,142.01,143.96,142.88,151.05,143.95,144.79,151.57,134.2,142.78,146.95,110.99,145.33,135.53,140.7,135.05,138.84,139.97,145.69,146.57,128.72,139.37,125.86,129.71,124.49,149.88,133.35,140.17,148.34,141.11,133.79,142.78,127.35,146.14,127.12,147.25,125.96,143.04,0,0,0,0,0,0,0,0,0,0,0,0,0,0,0,0,0,0,0,0,0,0,0,0,0,0,0,0,0,0,0,0,0,0,0,0,0,0,0,0,0,0,0,0,0,0,0,0,0,0,0,0,0,0,0,0,0,0,0,0,0,0,0,0,0,0,0,0,0,0,0,0,0,0,0,0,0,0,0,0,0,0,0,0,0,0,0,0,0,0,0,0,0,0,0,0,0,0,0,0,0,0,0,0,0,0,0,0,0,0,0,0,0,0,0,0,0,0,0,0,0,0,0,0,0,0,0,0,0,0,0,0,0,0,0,0,0,0,0,0,0,0,0,0,0,0,0,0,0,0,0,0,0,0,0,0,0,0,0,0,0,0,0,0,0,0,0,0,0,0,0,0,0,0,0,0,0,0,0,0,0,0,0,0,0,0,0,0,0,0,0,0,0
148.49,151.14,150.21,145.57,141.13,145.56,135.6,139.7,152.75,140.53,149.68,135.19,132.49,141.74,136.87,156.95,119.82,142.97,125.33,140.26,154.7,149.29,143.46,152.38,134.43,158.11,137.08,140.51,148.86,136.46,142.84,141.21,146.51,147.31,139.77,140.49,128.82,146.09,121.76,129.51,133.09,153.71,144.23,140.13,148.84,155.26,142.91,128.59,145.81,143.38,138.11,151.23,148.04,145.82,151.46,145.96,147.01,140.09,144.35,147.05,148.85,143.33,156.63,140.98,149.97,150.62,134.99,147.21,120.42,149.6,143.29,133.93,135.84,140.69,125.9,140.35,134.86,152.39,143.27,150.5,146.69,128.41,122.6,144.41,148.47,152.81,150.82,144.94,145.61,149.52,140.54,132.18,135.54,127.73,134.66,140.11,139.51,146.34,147.59,147.41,145.17,148.11,146.61,136.27,133.84,131.06,138.71,150.07,141.22,149.47,151.34,154.76,131.74,137.63,125.12,143.89,127.69,147.54,146.51,155.32,145.98,126.32,143.57,150.68,149.09,138.68,126.77,134.68,129.07,144.98,145.28,143.14,123.36,149.94,146.89,136.63,126.61,124.15,135.75,134.01,149.43,137.97,142.5,0,0,0,0,0,0,0,0,0,0,0,0,0,0,0,0,0,0,0,0,0,0,0,0,0,0,0,0,0,0,0,0,0,0,0,0,0,0,0,0,0,0,0,0,0,0,0,0,0,0,0,0,0,0,0,0,0,0,0,0,0,0,0,0,0,0,0,0,0,0,0,0,0,0,0,0,0,0,0,0,0,0,0,0,0,0,0,0,0,0,0,0,0,0,0,0,0,0,0,0,0,0,0,0,0,0,0,0,0,0,0,0,0,0,0,0,0,0,0,0,0,0,0,0,0,0,0,0,0,0,0,0,0,0,0,0,0,0,0,0,0,0,0,0,0,0,0,0,0,0,0,0,0,0,0,0,0,0,0,0,0,0,0,0,0,0,0,0,0,0,0,0,0,0,0,0,0,0,0,0,0,0,0,0,0,0,0,0,0,0,0,0,0
127.07,137.29,126.4,131.21,133.12,133.27,115.91,140.35,133.68,123.66,128,124.33,108.5,120.11,127.15,140.43,105.02,127.86,120.45,123.5,136.32,127.37,122.24,130.65,118,137.08,158.11,137.9,123.35,107.88,116.74,112.1,125.41,117.22,119.88,124.37,121.79,134.41,103.98,115.62,128.61,137.37,123.92,143.4,128.21,142.24,127.71,101.79,127.54,131.43,121.91,129.41,127.6,126.03,132.89,124.29,119.46,108.21,117.52,123.62,131.48,115.72,133.32,130.52,124.15,131.73,126.3,130.07,117.38,135.84,119.91,117.05,118.37,121,117.89,114.44,110.63,132.16,115.74,143.21,118.24,103.23,114.37,132.29,130.76,133.09,130.46,117.42,125.84,135.26,131.78,111.21,118.65,113.39,116.06,133.66,113.63,126.96,137.34,128.88,130.26,130.53,126,124.97,118.14,129.81,114.94,125.67,116.29,129.26,131.13,132.79,113.51,109.57,109.06,129.15,103.75,130.55,130.79,132.12,122.46,127.89,146.3,131.55,129.62,125.69,113.59,109.99,122.26,118.57,121.43,112.95,118.54,130.77,137.84,124.06,112.66,111.48,120.38,126.79,129.31,121.81,140.52,0,0,0,0,0,0,0,0,0,0,0,0,0,0,0,0,0,0,0,0,0,0,0,0,0,0,0,0,0,0,0,0,0,0,0,0,0,0,0,0,0,0,0,0,0,0,0,0,0,0,0,0,0,0,0,0,0,0,0,0,0,0,0,0,0,0,0,0,0,0,0,0,0,0,0,0,0,0,0,0,0,0,0,0,0,0,0,0,0,0,0,0,0,0,0,0,0,0,0,0,0,0,0,0,0,0,0,0,0,0,0,0,0,0,0,0,0,0,0,0,0,0,0,0,0,0,0,0,0,0,0,0,0,0,0,0,0,0,0,0,0,0,0,0,0,0,0,0,0,0,0,0,0,0,0,0,0,0,0,0,0,0,0,0,0,0,0,0,0,0,0,0,0,0,0,0,0,0,0,0,0,0,0,0,0,0,0,0,0,0,0,0,0
143.09,152.06,144.7,145.01,139.44,146.97,125.64,137.04,149.35,145.57,141.58,150.94,123.45,146.05,150.52,143.89,132.61,146.15,132.18,150.08,139.81,141.44,148.1,147.88,138.76,140.51,137.9,158.11,136.64,126.34,138.14,119.54,146.42,127.1,138.89,149.74,150.79,147.71,124.54,144.59,146.41,146.41,147.03,130.66,147.45,145.6,145.76,123.49,146.55,124.57,140.96,147.09,134.62,147.05,148.17,144.49,137.3,119.1,134.25,137.41,151.79,135.47,144.65,136.52,137.61,149.13,120.86,149.32,125.15,152.46,132.84,147.46,143.84,140.5,136.18,128.44,136.12,149.9,130.12,137.95,124.79,127.47,143.41,155.06,152.19,149.62,149.39,139.12,146.55,149.26,148.21,133.51,141.68,139.6,138.87,133.64,128.86,148.61,145.65,149.5,148.17,151.03,142.15,150.88,122.59,153.52,138.94,140.89,139.89,145.13,148.57,144.95,126.07,119.96,137.79,152.27,118.26,150.26,149.25,138.04,128.43,145.42,150.19,146.46,146.01,149.33,125.63,133.75,125.6,133.62,143.9,124,144.86,148.38,156.63,139.01,133.8,128.71,142.84,125.47,145.49,130.69,154.76,0,0,0,0,0,0,0,0,0,0,0,0,0,0,0,0,0,0,0,0,0,0,0,0,0,0,0,0,0,0,0,0,0,0,0,0,0,0,0,0,0,0,0,0,0,0,0,0,0,0,0,0,0,0,0,0,0,0,0,0,0,0,0,0,0,0,0,0,0,0,0,0,0,0,0,0,0,0,0,0,0,0,0,0,0,0,0,0,0,0,0,0,0,0,0,0,0,0,0,0,0,0,0,0,0,0,0,0,0,0,0,0,0,0,0,0,0,0,0,0,0,0,0,0,0,0,0,0,0,0,0,0,0,0,0,0,0,0,0,0,0,0,0,0,0,0,0,0,0,0,0,0,0,0,0,0,0,0,0,0,0,0,0,0,0,0,0,0,0,0,0,0,0,0,0,0,0,0,0,0,0,0,0,0,0,0,0,0,0,0,0,0,0
152.37,148.03,152.04,140.89,145.14,140.13,138.71,137.54,147.54,149.59,152.72,136.53,144.22,146.19,139.28,144.22,121.22,141.13,115.5,140.66,144.51,138.16,144.2,149.64,140.24,148.86,123.35,136.64,158.11,151.56,149.84,134.52,144.14,147.37,137.11,135.76,125.88,140.37,117.44,138.12,139.32,153.3,142.48,137.42,148.71,142.26,141.36,134.98,150.91,129.81,134.06,149.92,134.05,146.3,146.97,143.09,145.9,148.29,141.59,157.77,146.91,148.5,151.03,138.06,154.2,148.87,117.61,144.31,116.69,149.86,140.02,141.05,132.42,141.27,117.3,150.55,146.24,150.95,148.27,138.68,143.16,140.76,122.92,146.18,143.99,150.29,149.21,145.34,143.06,145.24,143.51,133.5,142.54,127.19,129.62,131.39,132.91,144.57,139.63,151.8,151.84,148.34,151.24,142.52,123.1,124.79,137.21,145.95,152.57,150.29,150.07,151.33,134.27,142.86,133.07,147.53,119.57,147.21,136.61,151.3,139.69,128.97,139.39,146.43,147.59,133.74,131.6,135.25,123.95,137.72,149.43,141.35,130.5,150.36,141.65,148.5,132.02,117.96,148.36,123.69,146.73,122.25,140.9,0,0,0,0,0,0,0,0,0,0,0,0,0,0,0,0,0,0,0,0,0,0,0,0,0,0,0,0,0,0,0,0,0,0,0,0,0,0,0,0,0,0,0,0,0,0,0,0,0,0,0,0,0,0,0,0,0,0,0,0,0,0,0,0,0,0,0,0,0,0,0,0,0,0,0,0,0,0,0,0,0,0,0,0,0,0,0,0,0,0,0,0,0,0,0,0,0,0,0,0,0,0,0,0,0,0,0,0,0,0,0,0,0,0,0,0,0,0,0,0,0,0,0,0,0,0,0,0,0,0,0,0,0,0,0,0,0,0,0,0,0,0,0,0,0,0,0,0,0,0,0,0,0,0,0,0,0,0,0,0,0,0,0,0,0,0,0,0,0,0,0,0,0,0,0,0,0,0,0,0,0,0,0,0,0,0,0,0,0,0,0,0,0
