158.11,0.2963,0.2634,0.34578,0.27499,0.24846,0.27811,0.26104,0.39485,0.2827,0.22359,0.27675,0.22393,0.25179,0.23497,0.24574,0.26094,0.43575,0.56368,0.2952,0.29021,0.30999,0.2969,0.26824,0.31679,0.27799,0.32115,0.26331,0.23844,0.29506,0.25316,0.24598,0.26832,0.21945,0.26758,0.3214,0.44741,0.26257,0.36803,0.36803,0.26344,0.24031,0.30346,0.39935,0.25881,0.41716,0.30779,0.34509,0.3187,0.38162,0.3048,0.32521,0.24637,0.2359,0.22901,0.16941,0.26829,0.27069,0.29584,0.33097,0.40761,0.42332,0.4709,0.36105,0.41668,0.4439,0.31274,0.30692,0.31533,0.28488,0,0,0,0,0,0,0,0,0,0,0,0,0,0,0,0,0,0,0,0,0,0,0,0,0,0,0,0,0,0,0,0,0,0,0,0,0,0,0,0,0,0,0,0,0,0,0,0,0,0,0,0,0,0,0,0,0,0,0,0,0,0,0,0,0,0,0,0,0,0,0,0,0,0,0,0,0,0,0,0,0,0,0,0,0,0,0,0,0,0,0,0,0,0,0,0,0,0,0,0,0,0,0,0,0,0,0,0,0,0,0,0,0,0,0,0,0,0,0,0,0,0,0,0,0,0,0,0,0,0,0,0,0,0,0,0,0,0,0,0,0,0,0,0
0.2963,158.11,1.0149,0.62017,0.65416,0.41015,0.61936,0.4811,0.60957,0.45552,0.37157,0.37006,0.40781,0.39091,0.32184,0.37576,0.32093,0.24304,0.38108,0.44721,0.3857,0.24946,0.35267,0.36774,0.60236,0.4158,0.53932,0.40579,0.31822,0.46798,0.32,0.35558,0.3751,0.30252,0.32638,0.51055,0.37599,0.34195,0.22296,0.22296,0.33136,0.32689,0.47716,0.21973,0.32099,0.34047,0.39416,0.20464,0.19948,0.37513,0.19067,0.32043,0.33479,0.3041,0.31135,0.2154,0.43304,0.41065,0.8531,0.70717,0.4692,0.32687,0.24043,0.20322,0.24453,0.27492,0.21513,0.21699,0.22067,0.19199,0,0,0,0,0,0,0,0,0,0,0,0,0,0,0,0,0,0,0,0,0,0,0,0,0,0,0,0,0,0,0,0,0,0,0,0,0,0,0,0,0,0,0,0,0,0,0,0,0,0,0,0,0,0,0,0,0,0,0,0,0,0,0,0,0,0,0,0,0,0,0,0,0,0,0,0,0,0,0,0,0,0,0,0,0,0,0,0,0,0,0,0,0,0,0,0,0,0,0,0,0,0,0,0,0,0,0,0,0,0,0,0,0,0,0,0,0,0,0,0,0,0,0,0,0,0,0,0,0,0,0,0,0,0,0,0,0,0,0,0,0,0,0,0
0.2634,1.0149,158.11,0.67121,0.94439,0.56899,0.77745,0.59993,0.41999,0.5794,0.51549,0.44354,0.57312,0.50464,0.40221,0.47995,0.37366,0.20774,0.32296,0.55442,0.46217,0.20944,0.40079,0.44459,0.62929,0.48989,0.59372,0.51612,0.39659,0.54593,0.37945,0.43213,0.44244,0.37751,0.38118,0.5294,0.31025,0.40311,0.19686,0.19686,0.37575,0.3918,0.52097,0.20081,0.36449,0.30783,0.40676,0.18572,0.19176,0.33087,0.17703,0.3145,0.33668,0.32054,0.33166,0.24504,0.51341,0.50736,0.94828,0.72258,0.43192,0.28482,0.22124,0.18203,0.22806,0.25066,0.21061,0.21336,0.21486,0.18438,0,0,0,0,0,0,0,0,0,0,0,0,0,0,0,0,0,0,0,0,0,0,0,0,0,0,0,0,0,0,0,0,0,0,0,0,0,0,0,0,0,0,0,0,0,0,0,0,0,0,0,0,0,0,0,0,0,0,0,0,0,0,0,0,0,0,0,0,0,0,0,0,0,0,0,0,0,0,0,0,0,0,0,0,0,0,0,0,0,0,0,0,0,0,0,0,0,0,0,0,0,0,0,0,0,0,0,0,0,0,0,0,0,0,0,0,0,0,0,0,0,0,0,0,0,0,0,0,0,0,0,0,0,0,0,0,0,0,0,0,0,0,0,0
0.34578,0.62017,0.67121,158.11,0.99052,0.69585,0.95922,0.73331,0.5013,1.0081,0.55954,0.74877,0.58186,0.67103,0.52377,0.63913,0.56606,0.24657,0.41682,0.93298,0.8353,0.23099,0.74288,0.71758,1.1434,0.86206,1.5511,0.80022,0.5376,1.1372,0.56126,0.58119,0.72123,0.45875,0.6011,1.0913,0.41406,0.64144,0.23758,0.23758,0.58714,0.54045,0.99719,0.25613,0.55634,0.46215,0.69026,0.2259,0.24771,0.49666,0.2182,0.48755,0.41664,0.40716,0.39993,0.26767,0.8131,0.88346,0.96099,1.6638,0.61231,0.34954,0.29724,0.21781,0.30562,0.32865,0.28013,0.28316,0.28669,0.23229,0,0,0,0,0,0,0,0,0,0,0,0,0,0,0,0,0,0,0,0,0,0,0,0,0,0,0,0,0,0,0,0,0,0,0,0,0,0,0,0,0,0,0,0,0,0,0,0,0,0,0,0,0,0,0,0,0,0,0,0,0,0,0,0,0,0,0,0,0,0,0,0,0,0,0,0,0,0,0,0,0,0,0,0,0,0,0,0,0,0,0,0,0,0,0,0,0,0,0,0,0,0,0,0,0,0,0,0,0,0,0,0,0,0,0,0,0,0,0,0,0,0,0,0,0,0,0,0,0,0,0,0,0,0,0,0,0,0,0,0,0,0,0,0
0.27499,0.65416,0.94439,0.99052,158.11,0.73505,3.3475,1.5393,0.38756,1.0728,0.69517,0.72862,0.86853,0.89142,0.61025,0.84879,0.57414,0.21038,0.33358,0.68307,0.63628,0.2146,0.58714,0.70352,1.0669,0.8847,0.81442,0.88525,0.56745,0.9417,0.55929,0.72478,0.70123,0.53769,0.54799,0.79464,0.31437,0.59456,0.20986,0.20986,0.57361,0.59928,0.75463,0.21914,0.52182,0.33543,0.55703,0.19704,0.21525,0.36502,0.193,0.37598,0.39907,0.38578,0.39722,0.29234,0.90575,0.86893,1.8293,1.2696,0.50935,0.28082,0.24443,0.18929,0.25541,0.27011,0.24246,0.24721,0.24679,0.20475,0,0,0,0,0,0,0,0,0,0,0,0,0,0,0,0,0,0,0,0,0,0,0,0,0,0,0,0,0,0,0,0,0,0,0,0,0,0,0,0,0,0,0,0,0,0,0,0,0,0,0,0,0,0,0,0,0,0,0,0,0,0,0,0,0,0,0,0,0,0,0,0,0,0,0,0,0,0,0,0,0,0,0,0,0,0,0,0,0,0,0,0,0,0,0,0,0,0,0,0,0,0,0,0,0,0,0,0,0,0,0,0,0,0,0,0,0,0,0,0,0,0,0,0,0,0,0,0,0,0,0,0,0,0,0,0,0,0,0,0,0,0,0,0
0.24846,0.41015,0.56899,0.69585,0.73505,158.11,0.65304,0.63054,0.31342,1.003,1.7089,0.75722,1.1522,0.91028,0.71618,0.78673,0.59243,0.18736,0.27782,0.90787,0.93297,0.17771,0.64097,0.77539,0.55476,0.71479,0.67666,0.88958,0.76886,0.72792,0.68275,0.62529,0.76849,0.65995,0.63064,0.55195,0.27723,0.68544,0.18354,0.18354,0.55105,0.61231,0.6004,0.19939,0.59786,0.31245,0.48422,0.18008,0.20444,0.32197,0.17823,0.36243,0.3405,0.36074,0.36527,0.31285,0.79959,0.86853,0.57069,0.62151,0.37073,0.25423,0.22651,0.17276,0.23434,0.24341,0.23381,0.23747,0.23671,0.19455,0,0,0,0,0,0,0,0,0,0,0,0,0,0,0,0,0,0,0,0,0,0,0,0,0,0,0,0,0,0,0,0,0,0,0,0,0,0,0,0,0,0,0,0,0,0,0,0,0,0,0,0,0,0,0,0,0,0,0,0,0,0,0,0,0,0,0,0,0,0,0,0,0,0,0,0,0,0,0,0,0,0,0,0,0,0,0,0,0,0,0,0,0,0,0,0,0,0,0,0,0,0,0,0,0,0,0,0,0,0,0,0,0,0,0,0,0,0,0,0,0,0,0,0,0,0,0,0,0,0,0,0,0,0,0,0,0,0,0,0,0,0,0,0
0.27811,0.61936,0.77745,0.95922,3.3475,0.65304,158.11,2.0724,0.39064,1.0821,0.63674,0.76302,0.79747,0.91119,0.61827,0.88016,0.60998,0.21543,0.34436,0.64902,0.62934,0.22267,0.61346,0.73087,1.2992,0.99305,0.82691,0.90401,0.56661,1.0296,0.58096,0.79175,0.74626,0.54367,0.56913,0.89743,0.32188,0.61888,0.21824,0.21824,0.62612,0.63643,0.8179,0.22772,0.55364,0.34635,0.61323,0.20366,0.22373,0.3816,0.20046,0.39667,0.42949,0.40944,0.42223,0.301,0.98891,0.89888,1.7396,1.4063,0.54701,0.28364,0.25381,0.19455,0.26671,0.28027,0.25324,0.25874,0.25809,0.21271,0,0,0,0,0,0,0,0,0,0,0,0,0,0,0,0,0,0,0,0,0,0,0,0,0,0,0,0,0,0,0,0,0,0,0,0,0,0,0,0,0,0,0,0,0,0,0,0,0,0,0,0,0,0,0,0,0,0,0,0,0,0,0,0,0,0,0,0,0,0,0,0,0,0,0,0,0,0,0,0,0,0,0,0,0,0,0,0,0,0,0,0,0,0,0,0,0,0,0,0,0,0,0,0,0,0,0,0,0,0,0,0,0,0,0,0,0,0,0,0,0,0,0,0,0,0,0,0,0,0,0,0,0,0,0,0,0,0,0,0,0,0,0,0
0.26104,0.4811,0.59993,0.73331,1.5393,0.63054,2.0724,158.11,0.33373,1.0687,0.66862,0.8709,0.86065,1.1615,0.76266,1.1935,0.73189,0.20267,0.3143,0.5823,0.61471,0.21168,0.64065,0.81046,0.96564,1.0976,0.67629,1.0002,0.64619,0.94489,0.6656,1.0823,0.819,0.65205,0.62266,0.76266,0.28969,0.67303,0.21043,0.21043,0.72433,0.77689,0.71891,0.22143,0.6084,0.31849,0.58917,0.19722,0.22313,0.3467,0.19738,0.38001,0.4181,0.40999,0.42426,0.32974,1.0461,0.95518,1.0056,0.92025,0.49471,0.26053,0.2457,0.18695,0.26011,0.26683,0.25483,0.2615,0.25842,0.21185,0,0,0,0,0,0,0,0,0,0,0,0,0,0,0,0,0,0,0,0,0,0,0,0,0,0,0,0,0,0,0,0,0,0,0,0,0,0,0,0,0,0,0,0,0,0,0,0,0,0,0,0,0,0,0,0,0,0,0,0,0,0,0,0,0,0,0,0,0,0,0,0,0,0,0,0,0,0,0,0,0,0,0,0,0,0,0,0,0,0,0,0,0,0,0,0,0,0,0,0,0,0,0,0,0,0,0,0,0,0,0,0,0,0,0,0,0,0,0,0,0,0,0,0,0,0,0,0,0,0,0,0,0,0,0,0,0,0,0,0,0,0,0,0
0.39485,0.60957,0.41999,0.5013,0.38756,0.31342,0.39064,0.33373,158.11,0.35968,0.28122,0.31698,0.29131,0.30343,0.26526,0.29421,0.28283,0.37116,0.60727,0.3963,0.35028,0.31606,0.33255,0.3172,0.47591,0.34852,0.49221,0.32834,0.27115,0.39729,0.28345,0.28974,0.32517,0.25136,0.29964,0.47383,0.85075,0.30857,0.29838,0.29838,0.3009,0.27976,0.44298,0.29289,0.29706,0.55219,0.4057,0.27422,0.2436,0.61681,0.24071,0.39855,0.35187,0.31301,0.30848,0.19535,0.34591,0.34015,0.44175,0.50546,0.50914,0.50211,0.32671,0.27966,0.32072,0.39158,0.25572,0.25446,0.26625,0.23479,0,0,0,0,0,0,0,0,0,0,0,0,0,0,0,0,0,0,0,0,0,0,0,0,0,0,0,0,0,0,0,0,0,0,0,0,0,0,0,0,0,0,0,0,0,0,0,0,0,0,0,0,0,0,0,0,0,0,0,0,0,0,0,0,0,0,0,0,0,0,0,0,0,0,0,0,0,0,0,0,0,0,0,0,0,0,0,0,0,0,0,0,0,0,0,0,0,0,0,0,0,0,0,0,0,0,0,0,0,0,0,0,0,0,0,0,0,0,0,0,0,0,0,0,0,0,0,0,0,0,0,0,0,0,0,0,0,0,0,0,0,0,0,0
0.2827,0.45552,0.5794,1.0081,1.0728,1.003,1.0821,1.0687,0.35968,158.11,0.90519,1.6601,0.9402,1.7396,0.9678,1.3793,0.97054,0.21241,0.34271,1.1637,1.3809,0.20576,1.1288,1.6787,1.0292,2.0079,1.1268,2.2867,0.97644,1.9935,1.0602,1.1262,1.5686,0.80259,1.0286,1.0365,0.32525,1.1838,0.21545,0.21545,0.96726,0.98761,1.1452,0.23621,0.9121,0.3825,0.80929,0.20855,0.24316,0.40602,0.20795,0.48457,0.46056,0.4801,0.48527,0.34869,1.4449,2.1988,0.75765,1.0174,0.53544,0.28702,0.27063,0.19703,0.28678,0.29684,0.28451,0.29138,0.2894,0.2299,0,0,0,0,0,0,0,0,0,0,0,0,0,0,0,0,0,0,0,0,0,0,0,0,0,0,0,0,0,0,0,0,0,0,0,0,0,0,0,0,0,0,0,0,0,0,0,0,0,0,0,0,0,0,0,0,0,0,0,0,0,0,0,0,0,0,0,0,0,0,0,0,0,0,0,0,0,0,0,0,0,0,0,0,0,0,0,0,0,0,0,0,0,0,0,0,0,0,0,0,0,0,0,0,0,0,0,0,0,0,0,0,0,0,0,0,0,0,0,0,0,0,0,0,0,0,0,0,0,0,0,0,0,0,0,0,0,0,0,0,0,0,0,0
0.22359,0.37157,0.51549,0.55954,0.69517,1.7089,0.63674,0.66862,0.28122,0.90519,158.11,0.74534,2.0326,1.0667,0.86592,0.94371,0.62155,0.17538,0.25496,0.70534,0.76266,0.17063,0.59494,0.78392,0.5185,0.71566,0.57497,0.93378,0.88567,0.67604,0.72893,0.72273,0.77886,0.85748,0.63428,0.51052,0.25206,0.70075,0.1752,0.1752,0.57738,0.70866,0.5571,0.18934,0.61761,0.28398,0.46268,0.17165,0.19661,0.2961,0.17154,0.34055,0.34716,0.37329,0.38383,0.36166,0.80062,0.86205,0.52134,0.5413,0.34474,0.23254,0.21228,0.16376,0.22168,0.22824,0.22554,0.22994,0.22815,0.18835,0,0,0,0,0,0,0,0,0,0,0,0,0,0,0,0,0,0,0,0,0,0,0,0,0,0,0,0,0,0,0,0,0,0,0,0,0,0,0,0,0,0,0,0,0,0,0,0,0,0,0,0,0,0,0,0,0,0,0,0,0,0,0,0,0,0,0,0,0,0,0,0,0,0,0,0,0,0,0,0,0,0,0,0,0,0,0,0,0,0,0,0,0,0,0,0,0,0,0,0,0,0,0,0,0,0,0,0,0,0,0,0,0,0,0,0,0,0,0,0,0,0,0,0,0,0,0,0,0,0,0,0,0,0,0,0,0,0,0,0,0,0,0,0
0.27675,0.37006,0.44354,0.74877,0.72862,0.75722,0.76302,0.8709,0.31698,1.6601,0.74534,158.11,0.72554,1.4524,1.4142,1.5947,2.1071,0.20607,0.3217,0.85685,1.2134,0.19845,1.883,3.9516,0.76346,2.1535,0.81758,2.036,1.4216,1.3618,1.8268,1.4847,1.6247,1.0016,1.8633,0.83055,0.30339,2.0259,0.21415,0.21415,1.6281,1.486,0.90078,0.24002,1.1231,0.36915,0.76444,0.20871,0.25638,0.38421,0.21222,0.49029,0.44199,0.48195,0.47252,0.37157,1.0287,2.0724,0.57346,0.7071,0.48663,0.2707,0.27549,0.19563,0.29414,0.29423,0.30385,0.31251,0.30704,0.24021,0,0,0,0,0,0,0,0,0,0,0,0,0,0,0,0,0,0,0,0,0,0,0,0,0,0,0,0,0,0,0,0,0,0,0,0,0,0,0,0,0,0,0,0,0,0,0,0,0,0,0,0,0,0,0,0,0,0,0,0,0,0,0,0,0,0,0,0,0,0,0,0,0,0,0,0,0,0,0,0,0,0,0,0,0,0,0,0,0,0,0,0,0,0,0,0,0,0,0,0,0,0,0,0,0,0,0,0,0,0,0,0,0,0,0,0,0,0,0,0,0,0,0,0,0,0,0,0,0,0,0,0,0,0,0,0,0,0,0,0,0,0,0,0
0.22393,0.40781,0.57312,0.58186,0.86853,1.1522,0.79747,0.86065,0.29131,0.9402,2.0326,0.72554,158.11,1.1938,0.81227,1.0363,0.61057,0.1782,0.26048,0.63407,0.67242,0.17801,0.56311,0.74642,0.58108,0.76587,0.58396,0.93821,0.75342,0.71159,0.67678,0.79184,0.78722,0.78987,0.58815,0.54518,0.25541,0.65427,0.17937,0.17937,0.58424,0.71348,0.57928,0.19107,0.60275,0.28281,0.47871,0.17348,0.19592,0.30028,0.17325,0.33815,0.36356,0.37986,0.39637,0.36002,0.94168,0.86553,0.61494,0.60772,0.36156,0.23388,0.2128,0.16537,0.22268,0.22959,0.22413,0.22882,0.2271,0.18803,0,0,0,0,0,0,0,0,0,0,0,0,0,0,0,0,0,0,0,0,0,0,0,0,0,0,0,0,0,0,0,0,0,0,0,0,0,0,0,0,0,0,0,0,0,0,0,0,0,0,0,0,0,0,0,0,0,0,0,0,0,0,0,0,0,0,0,0,0,0,0,0,0,0,0,0,0,0,0,0,0,0,0,0,0,0,0,0,0,0,0,0,0,0,0,0,0,0,0,0,0,0,0,0,0,0,0,0,0,0,0,0,0,0,0,0,0,0,0,0,0,0,0,0,0,0,0,0,0,0,0,0,0,0,0,0,0,0,0,0,0,0,0,0
0.25179,0.39091,0.50464,0.67103,0.89142,0.91028,0.91119,1.1615,0.30343,1.7396,1.0667,1.4524,1.1938,158.11,1.4661,2.6349,1.1103,0.19353,0.29742,0.74835,0.94204,0.19268,0.88304,1.417,0.74452,1.4085,0.70199,1.879,1.1911,1.0648,1.2354,1.7386,1.4834,1.1742,0.96492,0.71655,0.27837,1.0694,0.20026,0.20026,0.99129,1.3081,0.75984,0.2181,0.95258,0.32203,0.64727,0.19391,0.22889,0.34073,0.19612,0.41157,0.42321,0.45054,0.4652,0.39543,1.4012,1.5109,0.63039,0.71406,0.44992,0.25348,0.24614,0.18239,0.26185,0.2655,0.2685,0.27609,0.27137,0.21731,0,0,0,0,0,0,0,0,0,0,0,0,0,0,0,0,0,0,0,0,0,0,0,0,0,0,0,0,0,0,0,0,0,0,0,0,0,0,0,0,0,0,0,0,0,0,0,0,0,0,0,0,0,0,0,0,0,0,0,0,0,0,0,0,0,0,0,0,0,0,0,0,0,0,0,0,0,0,0,0,0,0,0,0,0,0,0,0,0,0,0,0,0,0,0,0,0,0,0,0,0,0,0,0,0,0,0,0,0,0,0,0,0,0,0,0,0,0,0,0,0,0,0,0,0,0,0,0,0,0,0,0,0,0,0,0,0,0,0,0,0,0,0,0
0.23497,0.32184,0.40221,0.52377,0.61025,0.71618,0.61827,0.76266,0.26526,0.9678,0.86592,1.4142,0.81227,1.4661,158.11,1.984,1.5278,0.18091,0.26757,0.62563,0.78296,0.17793,0.88346,1.4164,0.54832,1.0221,0.55569,1.3001,2.4081,0.77409,1.5556,1.6377,1.0217,2.5851,1.1531,0.55908,0.25228,1.1935,0.18905,0.18905,1.0643,1.7811,0.60214,0.20921,0.87143,0.29698,0.53878,0.18505,0.22667,0.30789,0.18953,0.38308,0.38467,0.42816,0.4306,0.43192,0.77969,1.1152,0.47458,0.51494,0.38295,0.23258,0.23482,0.17377,0.25054,0.24933,0.26578,0.27378,0.267,0.21474,0,0,0,0,0,0,0,0,0,0,0,0,0,0,0,0,0,0,0,0,0,0,0,0,0,0,0,0,0,0,0,0,0,0,0,0,0,0,0,0,0,0,0,0,0,0,0,0,0,0,0,0,0,0,0,0,0,0,0,0,0,0,0,0,0,0,0,0,0,0,0,0,0,0,0,0,0,0,0,0,0,0,0,0,0,0,0,0,0,0,0,0,0,0,0,0,0,0,0,0,0,0,0,0,0,0,0,0,0,0,0,0,0,0,0,0,0,0,0,0,0,0,0,0,0,0,0,0,0,0,0,0,0,0,0,0,0,0,0,0,0,0,0,0
0.24574,0.37576,0.47995,0.63913,0.84879,0.78673,0.88016,1.1935,0.29421,1.3793,0.94371,1.5947,1.0363,2.6349,1.984,158.11,1.2799,0.19019,0.2886,0.69019,0.83044,0.1899,0.89859,1.5408,0.7121,1.498,0.66952,2.0548,1.3679,1.0365,1.2235,2.5816,1.2331,1.3503,1.02,0.69224,0.27162,1.1501,0.19779,0.19779,1.1011,1.6712,0.73481,0.21561,0.86684,0.31513,0.6129,0.1911,0.22754,0.3337,0.19384,0.40185,0.42176,0.45327,0.46146,0.40283,1.075,1.6061,0.60425,0.65568,0.43268,0.24735,0.24184,0.17991,0.25772,0.26037,0.26529,0.27284,0.26798,0.2159,0,0,0,0,0,0,0,0,0,0,0,0,0,0,0,0,0,0,0,0,0,0,0,0,0,0,0,0,0,0,0,0,0,0,0,0,0,0,0,0,0,0,0,0,0,0,0,0,0,0,0,0,0,0,0,0,0,0,0,0,0,0,0,0,0,0,0,0,0,0,0,0,0,0,0,0,0,0,0,0,0,0,0,0,0,0,0,0,0,0,0,0,0,0,0,0,0,0,0,0,0,0,0,0,0,0,0,0,0,0,0,0,0,0,0,0,0,0,0,0,0,0,0,0,0,0,0,0,0,0,0,0,0,0,0,0,0,0,0,0,0,0,0,0
0.26094,0.32093,0.37366,0.56606,0.57414,0.59243,0.60998,0.73189,0.28283,0.97054,0.62155,2.1071,0.61057,1.1103,1.5278,1.2799,158.11,0.19758,0.29822,0.62735,0.85014,0.19251,1.3751,1.7323,0.61011,1.2824,0.60916,1.1739,1.343,0.89299,2.1676,1.5393,1.2286,1.104,1.7777,0.65692,0.2783,1.5842,0.2105,0.2105,2.1357,1.8006,0.69124,0.23775,1.1775,0.33962,0.67622,0.20578,0.26153,0.35156,0.21317,0.4625,0.42428,0.47182,0.4613,0.40433,0.81831,1.1541,0.47485,0.55689,0.43907,0.25127,0.27085,0.19126,0.29158,0.28348,0.31365,0.32456,0.31486,0.24465,0,0,0,0,0,0,0,0,0,0,0,0,0,0,0,0,0,0,0,0,0,0,0,0,0,0,0,0,0,0,0,0,0,0,0,0,0,0,0,0,0,0,0,0,0,0,0,0,0,0,0,0,0,0,0,0,0,0,0,0,0,0,0,0,0,0,0,0,0,0,0,0,0,0,0,0,0,0,0,0,0,0,0,0,0,0,0,0,0,0,0,0,0,0,0,0,0,0,0,0,0,0,0,0,0,0,0,0,0,0,0,0,0,0,0,0,0,0,0,0,0,0,0,0,0,0,0,0,0,0,0,0,0,0,0,0,0,0,0,0,0,0,0,0
0.43575,0.24304,0.20774,0.24657,0.21038,0.18736,0.21543,0.20267,0.37116,0.21241,0.17538,0.20607,0.1782,0.19353,0.18091,0.19019,0.19758,158.11,0.5094,0.22206,0.21639,0.49737,0.22032,0.20442,0.24964,0.21463,0.24753,0.20312,0.18389,0.22802,0.19496,0.19358,0.20868,0.17381,0.20495,0.25595,0.50269,0.20423,0.67672,0.67672,0.20737,0.19114,0.24412,0.51725,0.2056,0.39091,0.25524,0.59267,0.31666,0.37866,0.39774,0.28951,0.24168,0.22256,0.21631,0.15202,0.21025,0.20822,0.22428,0.24769,0.31817,0.42298,0.48152,0.82873,0.41863,0.50113,0.28788,0.27957,0.29896,0.30894,0,0,0,0,0,0,0,0,0,0,0,0,0,0,0,0,0,0,0,0,0,0,0,0,0,0,0,0,0,0,0,0,0,0,0,0,0,0,0,0,0,0,0,0,0,0,0,0,0,0,0,0,0,0,0,0,0,0,0,0,0,0,0,0,0,0,0,0,0,0,0,0,0,0,0,0,0,0,0,0,0,0,0,0,0,0,0,0,0,0,0,0,0,0,0,0,0,0,0,0,0,0,0,0,0,0,0,0,0,0,0,0,0,0,0,0,0,0,0,0,0,0,0,0,0,0,0,0,0,0,0,0,0,0,0,0,0,0,0,0,0,0,0,0
0.56368,0.38108,0.32296,0.41682,0.33358,0.27782,0.34436,0.3143,0.60727,0.34271,0.25496,0.3217,0.26048,0.29742,0.26757,0.2886,0.29822,0.5094,158.11,0.36461,0.34543,0.39874,0.34968,0.31903,0.44503,0.34215,0.42963,0.31918,0.27335,0.37913,0.29414,0.29534,0.32562,0.25318,0.31658,0.45869,0.80844,0.31478,0.45725,0.45725,0.3183,0.2876,0.42338,0.47313,0.31199,0.68003,0.44142,0.42123,0.36005,0.68538,0.35235,0.48028,0.37919,0.33825,0.32957,0.20433,0.32684,0.32773,0.35769,0.42708,0.78987,0.5819,0.54835,0.41158,0.55738,0.84047,0.37243,0.36937,0.39102,0.3402,0,0,0,0,0,0,0,0,0,0,0,0,0,0,0,0,0,0,0,0,0,0,0,0,0,0,0,0,0,0,0,0,0,0,0,0,0,0,0,0,0,0,0,0,0,0,0,0,0,0,0,0,0,0,0,0,0,0,0,0,0,0,0,0,0,0,0,0,0,0,0,0,0,0,0,0,0,0,0,0,0,0,0,0,0,0,0,0,0,0,0,0,0,0,0,0,0,0,0,0,0,0,0,0,0,0,0,0,0,0,0,0,0,0,0,0,0,0,0,0,0,0,0,0,0,0,0,0,0,0,0,0,0,0,0,0,0,0,0,0,0,0,0,0
0.2952,0.44721,0.55442,0.93298,0.68307,0.90787,0.64902,0.5823,0.3963,1.1637,0.70534,0.85685,0.63407,0.74835,0.62563,0.69019,0.62735,0.22206,0.36461,158.11,1.5709,0.20163,0.90893,0.94744,0.75054,0.87037,1.3674,0.98588,0.72792,1.1122,0.71854,0.62233,0.84322,0.57547,0.80929,0.86553,0.36526,0.87976,0.21574,0.21574,0.64918,0.63556,1.0684,0.2409,0.67037,0.44418,0.72236,0.21421,0.24645,0.45415,0.20924,0.534,0.45043,0.47917,0.47052,0.31445,0.73297,1.0141,0.57162,0.75696,0.51175,0.31667,0.27995,0.20435,0.29398,0.31634,0.28555,0.28993,0.29234,0.23412,0,0,0,0,0,0,0,0,0,0,0,0,0,0,0,0,0,0,0,0,0,0,0,0,0,0,0,0,0,0,0,0,0,0,0,0,0,0,0,0,0,0,0,0,0,0,0,0,0,0,0,0,0,0,0,0,0,0,0,0,0,0,0,0,0,0,0,0,0,0,0,0,0,0,0,0,0,0,0,0,0,0,0,0,0,0,0,0,0,0,0,0,0,0,0,0,0,0,0,0,0,0,0,0,0,0,0,0,0,0,0,0,0,0,0,0,0,0,0,0,0,0,0,0,0,0,0,0,0,0,0,0,0,0,0,0,0,0,0,0,0,0,0,0
0.29021,0.3857,0.46217,0.8353,0.63628,0.93297,0.62934,0.61471,0.35028,1.3809,0.76266,1.2134,0.67242,0.94204,0.78296,0.83044,0.85014,0.21639,0.34543,1.5709,158.11,0.19854,1.4488,1.3344,0.71611,1.0786,1.0607,1.2434,0.96312,1.2198,1.0903,0.75966,1.3493,0.69876,1.2148,0.84708,0.33907,1.3054,0.21659,0.21659,0.87396,0.82354,1.0062,0.24554,1.0457,0.42563,0.8285,0.21595,0.25916,0.4344,0.21568,0.5649,0.45103,0.50017,0.48714,0.34673,0.95374,1.3598,0.52402,0.70823,0.49422,0.29978,0.28825,0.20326,0.30432,0.31419,0.3089,0.31472,0.31444,0.24421,0,0,0,0,0,0,0,0,0,0,0,0,0,0,0,0,0,0,0,0,0,0,0,0,0,0,0,0,0,0,0,0,0,0,0,0,0,0,0,0,0,0,0,0,0,0,0,0,0,0,0,0,0,0,0,0,0,0,0,0,0,0,0,0,0,0,0,0,0,0,0,0,0,0,0,0,0,0,0,0,0,0,0,0,0,0,0,0,0,0,0,0,0,0,0,0,0,0,0,0,0,0,0,0,0,0,0,0,0,0,0,0,0,0,0,0,0,0,0,0,0,0,0,0,0,0,0,0,0,0,0,0,0,0,0,0,0,0,0,0,0,0,0,0
0.30999,0.24946,0.20944,0.23099,0.2146,0.17771,0.22267,0.21168,0.31606,0.20576,0.17063,0.19845,0.17801,0.19268,0.17793,0.1899,0.19251,0.49737,0.39874,0.20163,0.19854,158.11,0.20458,0.19591,0.25098,0.21016,0.2286,0.19748,0.17659,0.21938,0.1873,0.19528,0.20192,0.17135,0.19328,0.2466,0.33568,0.19352,0.57939,0.57939,0.20216,0.18876,0.23127,0.36184,0.19711,0.28351,0.24199,0.38664,0.25871,0.29961,0.32427,0.24713,0.24046,0.21458,0.21363,0.15337,0.20899,0.20084,0.23227,0.24538,0.31545,0.3046,0.32655,0.40428,0.32036,0.34938,0.24628,0.2448,0.25338,0.25581,0,0,0,0,0,0,0,0,0,0,0,0,0,0,0,0,0,0,0,0,0,0,0,0,0,0,0,0,0,0,0,0,0,0,0,0,0,0,0,0,0,0,0,0,0,0,0,0,0,0,0,0,0,0,0,0,0,0,0,0,0,0,0,0,0,0,0,0,0,0,0,0,0,0,0,0,0,0,0,0,0,0,0,0,0,0,0,0,0,0,0,0,0,0,0,0,0,0,0,0,0,0,0,0,0,0,0,0,0,0,0,0,0,0,0,0,0,0,0,0,0,0,0,0,0,0,0,0,0,0,0,0,0,0,0,0,0,0,0,0,0,0,0,0
0.2969,0.35267,0.40079,0.74288,0.58714,0.64097,0.61346,0.64065,0.33255,1.1288,0.59494,1.883,0.56311,0.88304,0.88346,0.89859,1.3751,0.22032,0.34968,0.90893,1.4488,0.20458,158.11,1.8517,0.72274,1.3899,0.89185,1.2286,1.0345,1.2655,1.4153,0.92165,1.3508,0.73648,2.3438,0.88986,0.33509,2.1015,0.22857,0.22857,1.5186,1.0548,0.99521,0.26372,1.2173,0.43445,0.92766,0.22623,0.28623,0.4446,0.23042,0.61955,0.475,0.53294,0.5015,0.35776,0.84378,1.4069,0.49808,0.6559,0.51753,0.2933,0.30973,0.21072,0.33215,0.33064,0.34614,0.35511,0.35119,0.26627,0,0,0,0,0,0,0,0,0,0,0,0,0,0,0,0,0,0,0,0,0,0,0,0,0,0,0,0,0,0,0,0,0,0,0,0,0,0,0,0,0,0,0,0,0,0,0,0,0,0,0,0,0,0,0,0,0,0,0,0,0,0,0,0,0,0,0,0,0,0,0,0,0,0,0,0,0,0,0,0,0,0,0,0,0,0,0,0,0,0,0,0,0,0,0,0,0,0,0,0,0,0,0,0,0,0,0,0,0,0,0,0,0,0,0,0,0,0,0,0,0,0,0,0,0,0,0,0,0,0,0,0,0,0,0,0,0,0,0,0,0,0,0,0
0.26824,0.36774,0.44459,0.71758,0.70352,0.77539,0.73087,0.81046,0.3172,1.6787,0.78392,3.9516,0.74642,1.417,1.4164,1.5408,1.7323,0.20442,0.31903,0.94744,1.3344,0.19591,1.8517,158.11,0.75489,2.1455,0.85422,2.4482,1.6368,1.4421,2.016,1.458,1.724,1.0885,2.2725,0.84903,0.30467,3.1553,0.21167,0.21167,1.6565,1.6592,0.97812,0.23759,1.1938,0.37388,0.80166,0.20754,0.25451,0.39012,0.2106,0.50893,0.47017,0.52388,0.51355,0.39316,0.99872,2.3259,0.55028,0.68041,0.47937,0.27023,0.27218,0.1944,0.29164,0.2942,0.30229,0.31094,0.30647,0.24003,0,0,0,0,0,0,0,0,0,0,0,0,0,0,0,0,0,0,0,0,0,0,0,0,0,0,0,0,0,0,0,0,0,0,0,0,0,0,0,0,0,0,0,0,0,0,0,0,0,0,0,0,0,0,0,0,0,0,0,0,0,0,0,0,0,0,0,0,0,0,0,0,0,0,0,0,0,0,0,0,0,0,0,0,0,0,0,0,0,0,0,0,0,0,0,0,0,0,0,0,0,0,0,0,0,0,0,0,0,0,0,0,0,0,0,0,0,0,0,0,0,0,0,0,0,0,0,0,0,0,0,0,0,0,0,0,0,0,0,0,0,0,0,0
0.31679,0.60236,0.62929,1.1434,1.0669,0.55476,1.2992,0.96564,0.47591,1.0292,0.5185,0.76346,0.58108,0.74452,0.54832,0.7121,0.61011,0.24964,0.44503,0.75054,0.71611,0.25098,0.72274,0.75489,158.11,1.0655,1.2948,0.86697,0.53973,1.4391,0.59289,0.71714,0.80311,0.49278,0.62939,2.2471,0.40741,0.67778,0.2541,0.2541,0.69565,0.62869,1.4731,0.26973,0.61907,0.45837,0.97812,0.23791,0.26221,0.52695,0.23226,0.54408,0.57218,0.52066,0.52769,0.3049,0.93212,0.9127,0.98877,1.8442,0.84878,0.33901,0.30656,0.22485,0.32718,0.353,0.30161,0.30819,0.31071,0.24898,0,0,0,0,0,0,0,0,0,0,0,0,0,0,0,0,0,0,0,0,0,0,0,0,0,0,0,0,0,0,0,0,0,0,0,0,0,0,0,0,0,0,0,0,0,0,0,0,0,0,0,0,0,0,0,0,0,0,0,0,0,0,0,0,0,0,0,0,0,0,0,0,0,0,0,0,0,0,0,0,0,0,0,0,0,0,0,0,0,0,0,0,0,0,0,0,0,0,0,0,0,0,0,0,0,0,0,0,0,0,0,0,0,0,0,0,0,0,0,0,0,0,0,0,0,0,0,0,0,0,0,0,0,0,0,0,0,0,0,0,0,0,0,0
0.27799,0.4158,0.48989,0.86206,0.8847,0.71479,0.99305,1.0976,0.34852,2.0079,0.71566,2.1535,0.76587,1.4085,1.0221,1.498,1.2824,0.21463,0.34215,0.87037,1.0786,0.21016,1.3899,2.1455,1.0655,158.11,1.0212,2.2403,0.99168,2.466,1.2105,1.5249,1.7589,0.83274,1.2567,1.1736,0.32612,1.543,0.22305,0.22305,1.5474,1.3217,1.2716,0.24619,1.0628,0.39324,0.95466,0.21493,0.25674,0.42396,0.21693,0.5289,0.51642,0.54405,0.53904,0.37136,1.3225,2.5955,0.67709,0.89356,0.54444,0.28318,0.28105,0.20138,0.30105,0.30618,0.30295,0.31141,0.3087,0.24242,0,0,0,0,0,0,0,0,0,0,0,0,0,0,0,0,0,0,0,0,0,0,0,0,0,0,0,0,0,0,0,0,0,0,0,0,0,0,0,0,0,0,0,0,0,0,0,0,0,0,0,0,0,0,0,0,0,0,0,0,0,0,0,0,0,0,0,0,0,0,0,0,0,0,0,0,0,0,0,0,0,0,0,0,0,0,0,0,0,0,0,0,0,0,0,0,0,0,0,0,0,0,0,0,0,0,0,0,0,0,0,0,0,0,0,0,0,0,0,0,0,0,0,0,0,0,0,0,0,0,0,0,0,0,0,0,0,0,0,0,0,0,0,0
0.32115,0.53932,0.59372,1.5511,0.81442,0.67666,0.82691,0.67629,0.49221,1.1268,0.57497,0.81758,0.58396,0.70199,0.55569,0.66952,0.60916,0.24753,0.42963,1.3674,1.0607,0.2286,0.89185,0.85422,1.2948,1.0212,158.11,0.94004,0.59885,1.7049,0.63845,0.63377,0.85161,0.50221,0.72334,1.7924,0.43804,0.79869,0.24151,0.24151,0.68608,0.61761,2.1416,0.26563,0.65812,0.53161,0.98474,0.23418,0.26241,0.58512,0.22698,0.62785,0.5359,0.53098,0.5153,0.30075,0.84318,1.0513,0.72123,1.1993,0.66047,0.35541,0.3094,0.223,0.32527,0.35534,0.30273,0.30693,0.31255,0.24876,0,0,0,0,0,0,0,0,0,0,0,0,0,0,0,0,0,0,0,0,0,0,0,0,0,0,0,0,0,0,0,0,0,0,0,0,0,0,0,0,0,0,0,0,0,0,0,0,0,0,0,0,0,0,0,0,0,0,0,0,0,0,0,0,0,0,0,0,0,0,0,0,0,0,0,0,0,0,0,0,0,0,0,0,0,0,0,0,0,0,0,0,0,0,0,0,0,0,0,0,0,0,0,0,0,0,0,0,0,0,0,0,0,0,0,0,0,0,0,0,0,0,0,0,0,0,0,0,0,0,0,0,0,0,0,0,0,0,0,0,0,0,0,0
0.26331,0.40579,0.51612,0.80022,0.88525,0.88958,0.90401,1.0002,0.32834,2.2867,0.93378,2.036,0.93821,1.879,1.3001,2.0548,1.1739,0.20312,0.31918,0.98588,1.2434,0.19748,1.2286,2.4482,0.86697,2.2403,0.94004,158.11,1.3762,1.722,1.3041,1.5452,1.6556,1.0321,1.3054,0.91088,0.30468,1.643,0.20823,0.20823,1.2021,1.4636,1.0457,0.22947,0.99541,0.36294,0.76686,0.20275,0.24093,0.38531,0.20378,0.4737,0.47556,0.51825,0.51892,0.38796,1.2187,4.7013,0.63059,0.76904,0.48883,0.27263,0.26092,0.19092,0.27833,0.28598,0.28273,0.28996,0.28726,0.2285,0,0,0,0,0,0,0,0,0,0,0,0,0,0,0,0,0,0,0,0,0,0,0,0,0,0,0,0,0,0,0,0,0,0,0,0,0,0,0,0,0,0,0,0,0,0,0,0,0,0,0,0,0,0,0,0,0,0,0,0,0,0,0,0,0,0,0,0,0,0,0,0,0,0,0,0,0,0,0,0,0,0,0,0,0,0,0,0,0,0,0,0,0,0,0,0,0,0,0,0,0,0,0,0,0,0,0,0,0,0,0,0,0,0,0,0,0,0,0,0,0,0,0,0,0,0,0,0,0,0,0,0,0,0,0,0,0,0,0,0,0,0,0,0
0.23844,0.31822,0.39659,0.5376,0.56745,0.76886,0.56661,0.64619,0.27115,0.97644,0.88567,1.4216,0.75342,1.1911,2.4081,1.3679,1.343,0.18389,0.27335,0.72792,0.96312,0.17659,1.0345,1.6368,0.53973,0.99168,0.59885,1.3762,158.11,0.80971,1.8232,1.1867,1.0743,1.9272,1.5109,0.57532,0.26171,1.5732,0.19019,0.19019,1.0621,1.5947,0.64314,0.21305,0.95258,0.31466,0.56741,0.1884,0.23251,0.32332,0.19233,0.41305,0.39859,0.45785,0.4532,0.43546,0.74774,1.2116,0.44748,0.50489,0.38491,0.2406,0.24118,0.17693,0.25727,0.25772,0.27421,0.28177,0.27607,0.22045,0,0,0,0,0,0,0,0,0,0,0,0,0,0,0,0,0,0,0,0,0,0,0,0,0,0,0,0,0,0,0,0,0,0,0,0,0,0,0,0,0,0,0,0,0,0,0,0,0,0,0,0,0,0,0,0,0,0,0,0,0,0,0,0,0,0,0,0,0,0,0,0,0,0,0,0,0,0,0,0,0,0,0,0,0,0,0,0,0,0,0,0,0,0,0,0,0,0,0,0,0,0,0,0,0,0,0,0,0,0,0,0,0,0,0,0,0,0,0,0,0,0,0,0,0,0,0,0,0,0,0,0,0,0,0,0,0,0,0,0,0,0,0,0
0.29506,0.46798,0.54593,1.1372,0.9417,0.72792,1.0296,0.94489,0.39729,1.9935,0.67604,1.3618,0.71159,1.0648,0.77409,1.0365,0.89299,0.22802,0.37913,1.1122,1.2198,0.21938,1.2655,1.4421,1.4391,2.466,1.7049,1.722,0.80971,158.11,0.91545,0.99878,1.3915,0.66898,1.0318,1.8504,0.36602,1.2188,0.23221,0.23221,1.0691,0.93428,2.2471,0.25596,0.90445,0.44476,1.1231,0.22413,0.26156,0.48633,0.22276,0.58738,0.55572,0.57162,0.56222,0.34544,1.2323,2.1127,0.73465,1.1197,0.6206,0.31122,0.29472,0.2109,0.31465,0.32927,0.3071,0.31417,0.3149,0.24744,0,0,0,0,0,0,0,0,0,0,0,0,0,0,0,0,0,0,0,0,0,0,0,0,0,0,0,0,0,0,0,0,0,0,0,0,0,0,0,0,0,0,0,0,0,0,0,0,0,0,0,0,0,0,0,0,0,0,0,0,0,0,0,0,0,0,0,0,0,0,0,0,0,0,0,0,0,0,0,0,0,0,0,0,0,0,0,0,0,0,0,0,0,0,0,0,0,0,0,0,0,0,0,0,0,0,0,0,0,0,0,0,0,0,0,0,0,0,0,0,0,0,0,0,0,0,0,0,0,0,0,0,0,0,0,0,0,0,0,0,0,0,0,0
0.25316,0.32,0.37945,0.56126,0.55929,0.68275,0.58096,0.6656,0.28345,1.0602,0.72893,1.8268,0.67678,1.2354,1.5556,1.2235,2.1676,0.19496,0.29414,0.71854,1.0903,0.1873,1.4153,2.016,0.59289,1.2105,0.63845,1.3041,1.8232,0.91545,158.11,1.3217,1.6238,1.3217,2.3489,0.65545,0.27944,2.1924,0.20498,0.20498,1.7149,1.8883,0.72486,0.23214,1.7365,0.34416,0.71188,0.20294,0.25566,0.35513,0.20922,0.48164,0.43971,0.50523,0.49811,0.43914,0.89696,1.2535,0.45607,0.54793,0.42544,0.25215,0.26582,0.18861,0.28572,0.28112,0.30917,0.31921,0.31144,0.2412,0,0,0,0,0,0,0,0,0,0,0,0,0,0,0,0,0,0,0,0,0,0,0,0,0,0,0,0,0,0,0,0,0,0,0,0,0,0,0,0,0,0,0,0,0,0,0,0,0,0,0,0,0,0,0,0,0,0,0,0,0,0,0,0,0,0,0,0,0,0,0,0,0,0,0,0,0,0,0,0,0,0,0,0,0,0,0,0,0,0,0,0,0,0,0,0,0,0,0,0,0,0,0,0,0,0,0,0,0,0,0,0,0,0,0,0,0,0,0,0,0,0,0,0,0,0,0,0,0,0,0,0,0,0,0,0,0,0,0,0,0,0,0,0
0.24598,0.35558,0.43213,0.58119,0.72478,0.62529,0.79175,1.0823,0.28974,1.1262,0.72273,1.4847,0.79184,1.7386,1.6377,2.5816,1.5393,0.19358,0.29534,0.62233,0.75966,0.19528,0.92165,1.458,0.71714,1.5249,0.63377,1.5452,1.1867,0.99878,1.3217,158.11,1.259,1.2867,1.1,0.7134,0.2738,1.199,0.20548,0.20548,1.4724,2.4751,0.74726,0.22513,0.98132,0.32194,0.67567,0.19839,0.24066,0.34301,0.20317,0.42749,0.46366,0.50198,0.51269,0.43831,1.0048,1.3259,0.5529,0.61941,0.45449,0.24795,0.25197,0.18513,0.27175,0.27154,0.28408,0.29372,0.28702,0.22853,0,0,0,0,0,0,0,0,0,0,0,0,0,0,0,0,0,0,0,0,0,0,0,0,0,0,0,0,0,0,0,0,0,0,0,0,0,0,0,0,0,0,0,0,0,0,0,0,0,0,0,0,0,0,0,0,0,0,0,0,0,0,0,0,0,0,0,0,0,0,0,0,0,0,0,0,0,0,0,0,0,0,0,0,0,0,0,0,0,0,0,0,0,0,0,0,0,0,0,0,0,0,0,0,0,0,0,0,0,0,0,0,0,0,0,0,0,0,0,0,0,0,0,0,0,0,0,0,0,0,0,0,0,0,0,0,0,0,0,0,0,0,0,0
0.26832,0.3751,0.44244,0.72123,0.70123,0.76849,0.74626,0.819,0.32517,1.5686,0.77886,1.6247,0.78722,1.4834,1.0217,1.2331,1.2286,0.20868,0.32562,0.84322,1.3493,0.20192,1.3508,1.724,0.80311,1.7589,0.85161,1.6556,1.0743,1.3915,1.6238,1.259,158.11,0.89613,1.3563,0.90253,0.31342,1.5939,0.21699,0.21699,1.4362,1.3348,1.0008,0.24195,1.8442,0.38146,0.94675,0.21249,0.25696,0.40538,0.2161,0.53412,0.49801,0.54855,0.54922,0.40156,1.6454,1.7913,0.55683,0.7341,0.49439,0.28115,0.27864,0.19789,0.29811,0.29975,0.30937,0.31801,0.31445,0.24321,0,0,0,0,0,0,0,0,0,0,0,0,0,0,0,0,0,0,0,0,0,0,0,0,0,0,0,0,0,0,0,0,0,0,0,0,0,0,0,0,0,0,0,0,0,0,0,0,0,0,0,0,0,0,0,0,0,0,0,0,0,0,0,0,0,0,0,0,0,0,0,0,0,0,0,0,0,0,0,0,0,0,0,0,0,0,0,0,0,0,0,0,0,0,0,0,0,0,0,0,0,0,0,0,0,0,0,0,0,0,0,0,0,0,0,0,0,0,0,0,0,0,0,0,0,0,0,0,0,0,0,0,0,0,0,0,0,0,0,0,0,0,0,0
0.21945,0.30252,0.37751,0.45875,0.53769,0.65995,0.54367,0.65205,0.25136,0.80259,0.85748,1.0016,0.78987,1.1742,2.5851,1.3503,1.104,0.17381,0.25318,0.57547,0.69876,0.17135,0.73648,1.0885,0.49278,0.83274,0.50221,1.0321,1.9272,0.66898,1.3217,1.2867,0.89613,158.11,0.98245,0.50616,0.24049,1.0273,0.18198,0.18198,0.9127,1.5624,0.55192,0.20114,0.83448,0.28263,0.50699,0.17924,0.21941,0.29329,0.18403,0.3688,0.38637,0.43854,0.44698,0.50244,0.69671,0.8983,0.42575,0.45904,0.3555,0.22213,0.22439,0.16797,0.24012,0.23925,0.25779,0.26582,0.25921,0.20963,0,0,0,0,0,0,0,0,0,0,0,0,0,0,0,0,0,0,0,0,0,0,0,0,0,0,0,0,0,0,0,0,0,0,0,0,0,0,0,0,0,0,0,0,0,0,0,0,0,0,0,0,0,0,0,0,0,0,0,0,0,0,0,0,0,0,0,0,0,0,0,0,0,0,0,0,0,0,0,0,0,0,0,0,0,0,0,0,0,0,0,0,0,0,0,0,0,0,0,0,0,0,0,0,0,0,0,0,0,0,0,0,0,0,0,0,0,0,0,0,0,0,0,0,0,0,0,0,0,0,0,0,0,0,0,0,0,0,0,0,0,0,0,0
0.26758,0.32638,0.38118,0.6011,0.54799,0.63064,0.56913,0.62266,0.29964,1.0286,0.63428,1.8633,0.58815,0.96492,1.1531,1.02,1.7777,0.20495,0.31658,0.80929,1.2148,0.19328,2.3438,2.2725,0.62939,1.2567,0.72334,1.3054,1.5109,1.0318,2.3489,1.1,1.3563,0.98245,158.11,0.73592,0.30114,3.9393,0.21473,0.21473,1.8672,1.5116,0.83905,0.24656,1.3931,0.38274,0.80125,0.2137,0.27302,0.39245,0.21938,0.55182,0.4746,0.55593,0.52961,0.41305,0.78778,1.3278,0.45391,0.56077,0.46254,0.26902,0.28472,0.19849,0.30785,0.3052,0.33122,0.34157,0.33492,0.25657,0,0,0,0,0,0,0,0,0,0,0,0,0,0,0,0,0,0,0,0,0,0,0,0,0,0,0,0,0,0,0,0,0,0,0,0,0,0,0,0,0,0,0,0,0,0,0,0,0,0,0,0,0,0,0,0,0,0,0,0,0,0,0,0,0,0,0,0,0,0,0,0,0,0,0,0,0,0,0,0,0,0,0,0,0,0,0,0,0,0,0,0,0,0,0,0,0,0,0,0,0,0,0,0,0,0,0,0,0,0,0,0,0,0,0,0,0,0,0,0,0,0,0,0,0,0,0,0,0,0,0,0,0,0,0,0,0,0,0,0,0,0,0,0
0.3214,0.51055,0.5294,1.0913,0.79464,0.55195,0.89743,0.76266,0.47383,1.0365,0.51052,0.83055,0.54518,0.71655,0.55908,0.69224,0.65692,0.25595,0.45869,0.86553,0.84708,0.2466,0.88986,0.84903,2.2471,1.1736,1.7924,0.91088,0.57532,1.8504,0.65545,0.7134,0.90253,0.50616,0.73592,158.11,0.43817,0.80073,0.26084,0.26084,0.7995,0.67127,3.0941,0.28549,0.71559,0.53617,1.5006,0.24889,0.28238,0.62179,0.24413,0.69985,0.6576,0.61466,0.60058,0.31757,0.90651,1.002,0.7241,1.2531,0.83622,0.35184,0.33042,0.2334,0.35532,0.38281,0.33056,0.33757,0.34255,0.26778,0,0,0,0,0,0,0,0,0,0,0,0,0,0,0,0,0,0,0,0,0,0,0,0,0,0,0,0,0,0,0,0,0,0,0,0,0,0,0,0,0,0,0,0,0,0,0,0,0,0,0,0,0,0,0,0,0,0,0,0,0,0,0,0,0,0,0,0,0,0,0,0,0,0,0,0,0,0,0,0,0,0,0,0,0,0,0,0,0,0,0,0,0,0,0,0,0,0,0,0,0,0,0,0,0,0,0,0,0,0,0,0,0,0,0,0,0,0,0,0,0,0,0,0,0,0,0,0,0,0,0,0,0,0,0,0,0,0,0,0,0,0,0,0
0.44741,0.37599,0.31025,0.41406,0.31437,0.27723,0.32188,0.28969,0.85075,0.32525,0.25206,0.30339,0.25541,0.27837,0.25228,0.27162,0.2783,0.50269,0.80844,0.36526,0.33907,0.33568,0.33509,0.30467,0.40741,0.32612,0.43804,0.30468,0.26171,0.36602,0.27944,0.2738,0.31342,0.24049,0.30114,0.43817,158.11,0.305,0.38272,0.38272,0.30051,0.2716,0.41678,0.40376,0.29952,1.0099,0.42151,0.37139,0.31451,1.0103,0.31145,0.50453,0.37255,0.33561,0.32086,0.19658,0.31449,0.31711,0.33648,0.40395,0.50647,0.69497,0.47088,0.37685,0.4484,0.60678,0.32418,0.31808,0.34327,0.30325,0,0,0,0,0,0,0,0,0,0,0,0,0,0,0,0,0,0,0,0,0,0,0,0,0,0,0,0,0,0,0,0,0,0,0,0,0,0,0,0,0,0,0,0,0,0,0,0,0,0,0,0,0,0,0,0,0,0,0,0,0,0,0,0,0,0,0,0,0,0,0,0,0,0,0,0,0,0,0,0,0,0,0,0,0,0,0,0,0,0,0,0,0,0,0,0,0,0,0,0,0,0,0,0,0,0,0,0,0,0,0,0,0,0,0,0,0,0,0,0,0,0,0,0,0,0,0,0,0,0,0,0,0,0,0,0,0,0,0,0,0,0,0,0
0.26257,0.34195,0.40311,0.64144,0.59456,0.68544,0.61888,0.67303,0.30857,1.1838,0.70075,2.0259,0.65427,1.0694,1.1935,1.1501,1.5842,0.20423,0.31478,0.87976,1.3054,0.19352,2.1015,3.1553,0.67778,1.543,0.79869,1.643,1.5732,1.2188,2.1924,1.199,1.5939,1.0273,3.9393,0.80073,0.305,158.11,0.21243,0.21243,1.9061,1.6787,0.94489,0.24137,1.4136,0.38426,0.84023,0.21041,0.26297,0.39946,0.21476,0.55071,0.49536,0.57858,0.55405,0.41716,0.88203,1.7179,0.48258,0.59997,0.46115,0.26958,0.27748,0.19611,0.29872,0.29943,0.31602,0.32511,0.32089,0.24851,0,0,0,0,0,0,0,0,0,0,0,0,0,0,0,0,0,0,0,0,0,0,0,0,0,0,0,0,0,0,0,0,0,0,0,0,0,0,0,0,0,0,0,0,0,0,0,0,0,0,0,0,0,0,0,0,0,0,0,0,0,0,0,0,0,0,0,0,0,0,0,0,0,0,0,0,0,0,0,0,0,0,0,0,0,0,0,0,0,0,0,0,0,0,0,0,0,0,0,0,0,0,0,0,0,0,0,0,0,0,0,0,0,0,0,0,0,0,0,0,0,0,0,0,0,0,0,0,0,0,0,0,0,0,0,0,0,0,0,0,0,0,0,0
0.36803,0.22296,0.19686,0.23758,0.20986,0.18354,0.21824,0.21043,0.29838,0.21545,0.1752,0.21415,0.17937,0.20026,0.18905,0.19779,0.2105,0.67672,0.45725,0.21574,0.21659,0.57939,0.22857,0.21167,0.2541,0.22305,0.24151,0.20823,0.19019,0.23221,0.20498,0.20548,0.21699,0.18198,0.21473,0.26084,0.38272,0.21243,158.11,158.11,0.2225,0.20272,0.24707,0.87583,0.21802,0.3572,0.2698,1.0184,0.42935,0.35737,0.69457,0.3042,0.26137,0.23914,0.23244,0.16442,0.21633,0.2129,0.22098,0.24484,0.3344,0.33491,0.60302,0.91179,0.5614,0.55514,0.36754,0.35799,0.38147,0.42265,0,0,0,0,0,0,0,0,0,0,0,0,0,0,0,0,0,0,0,0,0,0,0,0,0,0,0,0,0,0,0,0,0,0,0,0,0,0,0,0,0,0,0,0,0,0,0,0,0,0,0,0,0,0,0,0,0,0,0,0,0,0,0,0,0,0,0,0,0,0,0,0,0,0,0,0,0,0,0,0,0,0,0,0,0,0,0,0,0,0,0,0,0,0,0,0,0,0,0,0,0,0,0,0,0,0,0,0,0,0,0,0,0,0,0,0,0,0,0,0,0,0,0,0,0,0,0,0,0,0,0,0,0,0,0,0,0,0,0,0,0,0,0,0
0.36803,0.22296,0.19686,0.23758,0.20986,0.18354,0.21824,0.21043,0.29838,0.21545,0.1752,0.21415,0.17937,0.20026,0.18905,0.19779,0.2105,0.67672,0.45725,0.21574,0.21659,0.57939,0.22857,0.21167,0.2541,0.22305,0.24151,0.20823,0.19019,0.23221,0.20498,0.20548,0.21699,0.18198,0.21473,0.26084,0.38272,0.21243,158.11,158.11,0.2225,0.20272,0.24707,0.87583,0.21802,0.3572,0.2698,1.0184,0.42935,0.35737,0.69457,0.3042,0.26137,0.23914,0.23244,0.16442,0.21633,0.2129,0.22098,0.24484,0.3344,0.33491,0.60302,0.91179,0.5614,0.55514,0.36754,0.35799,0.38147,0.42265,0,0,0,0,0,0,0,0,0,0,0,0,0,0,0,0,0,0,0,0,0,0,0,0,0,0,0,0,0,0,0,0,0,0,0,0,0,0,0,0,0,0,0,0,0,0,0,0,0,0,0,0,0,0,0,0,0,0,0,0,0,0,0,0,0,0,0,0,0,0,0,0,0,0,0,0,0,0,0,0,0,0,0,0,0,0,0,0,0,0,0,0,0,0,0,0,0,0,0,0,0,0,0,0,0,0,0,0,0,0,0,0,0,0,0,0,0,0,0,0,0,0,0,0,0,0,0,0,0,0,0,0,0,0,0,0,0,0,0,0,0,0,0,0
0.26344,0.33136,0.37575,0.58714,0.57361,0.55105,0.62612,0.72433,0.3009,0.96726,0.57738,1.6281,0.58424,0.99129,1.0643,1.1011,2.1357,0.20737,0.3183,0.64918,0.87396,0.20216,1.5186,1.6565,0.69565,1.5474,0.68608,1.2021,1.0621,1.0691,1.7149,1.4724,1.4362,0.9127,1.8672,0.7995,0.30051,1.9061,0.2225,0.2225,158.11,1.9244,0.85698,0.25209,1.5054,0.37575,0.897,0.21767,0.27682,0.39736,0.22551,0.55145,0.52038,0.59164,0.56928,0.42786,0.88898,1.2527,0.47937,0.59127,0.48273,0.26502,0.28789,0.20089,0.31344,0.30643,0.3366,0.34883,0.34109,0.26065,0,0,0,0,0,0,0,0,0,0,0,0,0,0,0,0,0,0,0,0,0,0,0,0,0,0,0,0,0,0,0,0,0,0,0,0,0,0,0,0,0,0,0,0,0,0,0,0,0,0,0,0,0,0,0,0,0,0,0,0,0,0,0,0,0,0,0,0,0,0,0,0,0,0,0,0,0,0,0,0,0,0,0,0,0,0,0,0,0,0,0,0,0,0,0,0,0,0,0,0,0,0,0,0,0,0,0,0,0,0,0,0,0,0,0,0,0,0,0,0,0,0,0,0,0,0,0,0,0,0,0,0,0,0,0,0,0,0,0,0,0,0,0,0
0.24031,0.32689,0.3918,0.54045,0.59928,0.61231,0.63643,0.77689,0.27976,0.98761,0.70866,1.486,0.71348,1.3081,1.7811,1.6712,1.8006,0.19114,0.2876,0.63556,0.82354,0.18876,1.0548,1.6592,0.62869,1.3217,0.61761,1.4636,1.5947,0.93428,1.8883,2.4751,1.3348,1.5624,1.5116,0.67127,0.2716,1.6787,0.20272,0.20272,1.9244,158.11,0.7341,0.22571,1.2184,0.32769,0.68953,0.19856,0.24631,0.34586,0.20445,0.45223,0.4758,0.54662,0.54636,0.48457,0.88828,1.3176,0.47406,0.54632,0.42707,0.24579,0.25397,0.18464,0.2746,0.27273,0.29408,0.30402,0.29715,0.23423,0,0,0,0,0,0,0,0,0,0,0,0,0,0,0,0,0,0,0,0,0,0,0,0,0,0,0,0,0,0,0,0,0,0,0,0,0,0,0,0,0,0,0,0,0,0,0,0,0,0,0,0,0,0,0,0,0,0,0,0,0,0,0,0,0,0,0,0,0,0,0,0,0,0,0,0,0,0,0,0,0,0,0,0,0,0,0,0,0,0,0,0,0,0,0,0,0,0,0,0,0,0,0,0,0,0,0,0,0,0,0,0,0,0,0,0,0,0,0,0,0,0,0,0,0,0,0,0,0,0,0,0,0,0,0,0,0,0,0,0,0,0,0,0
0.30346,0.47716,0.52097,0.99719,0.75463,0.6004,0.8179,0.71891,0.44298,1.1452,0.5571,0.90078,0.57928,0.75984,0.60214,0.73481,0.69124,0.24412,0.42338,1.0684,1.0062,0.23127,0.99521,0.97812,1.4731,1.2716,2.1416,1.0457,0.64314,2.2471,0.72486,0.74726,1.0008,0.55192,0.83905,3.0941,0.41678,0.94489,0.24707,0.24707,0.85698,0.7341,158.11,0.27343,0.78325,0.52336,1.5179,0.23965,0.27585,0.59201,0.23575,0.721,0.68041,0.67419,0.65327,0.33675,0.90993,1.1559,0.65232,1.0191,0.70766,0.33855,0.31632,0.22481,0.3405,0.36656,0.32458,0.3315,0.33627,0.26289,0,0,0,0,0,0,0,0,0,0,0,0,0,0,0,0,0,0,0,0,0,0,0,0,0,0,0,0,0,0,0,0,0,0,0,0,0,0,0,0,0,0,0,0,0,0,0,0,0,0,0,0,0,0,0,0,0,0,0,0,0,0,0,0,0,0,0,0,0,0,0,0,0,0,0,0,0,0,0,0,0,0,0,0,0,0,0,0,0,0,0,0,0,0,0,0,0,0,0,0,0,0,0,0,0,0,0,0,0,0,0,0,0,0,0,0,0,0,0,0,0,0,0,0,0,0,0,0,0,0,0,0,0,0,0,0,0,0,0,0,0,0,0,0
0.39935,0.21973,0.20081,0.25613,0.21914,0.19939,0.22772,0.22143,0.29289,0.23621,0.18934,0.24002,0.19107,0.2181,0.20921,0.21561,0.23775,0.51725,0.47313,0.2409,0.24554,0.36184,0.26372,0.23759,0.26973,0.24619,0.26563,0.22947,0.21305,0.25596,0.23214,0.22513,0.24195,0.20114,0.24656,0.28549,0.40376,0.24137,0.87583,0.87583,0.25209,0.22571,0.27343,158.11,0.24821,0.43648,0.3066,1.241,0.77792,0.40956,1.1378,0.37565,0.28552,0.26946,0.25694,0.18047,0.23405,0.23541,0.22614,0.25776,0.35777,0.34844,1.3814,0.79294,1.1492,0.80466,0.56832,0.53421,0.59706,0.71052,0,0,0,0,0,0,0,0,0,0,0,0,0,0,0,0,0,0,0,0,0,0,0,0,0,0,0,0,0,0,0,0,0,0,0,0,0,0,0,0,0,0,0,0,0,0,0,0,0,0,0,0,0,0,0,0,0,0,0,0,0,0,0,0,0,0,0,0,0,0,0,0,0,0,0,0,0,0,0,0,0,0,0,0,0,0,0,0,0,0,0,0,0,0,0,0,0,0,0,0,0,0,0,0,0,0,0,0,0,0,0,0,0,0,0,0,0,0,0,0,0,0,0,0,0,0,0,0,0,0,0,0,0,0,0,0,0,0,0,0,0,0,0,0
0.25881,0.32099,0.36449,0.55634,0.52182,0.59786,0.55364,0.6084,0.29706,0.9121,0.61761,1.1231,0.60275,0.95258,0.87143,0.86684,1.1775,0.2056,0.31199,0.67037,1.0457,0.19711,1.2173,1.1938,0.61907,1.0628,0.65812,0.99541,0.95258,0.90445,1.7365,0.98132,1.8442,0.83448,1.3931,0.71559,0.29952,1.4136,0.21802,0.21802,1.5054,1.2184,0.78325,0.24821,158.11,0.37708,0.92025,0.2168,0.27337,0.39518,0.22457,0.57054,0.50417,0.58709,0.57754,0.44429,1.0138,1.0394,0.44118,0.56155,0.45344,0.26564,0.28717,0.19944,0.31037,0.30358,0.33895,0.35007,0.34368,0.25894,0,0,0,0,0,0,0,0,0,0,0,0,0,0,0,0,0,0,0,0,0,0,0,0,0,0,0,0,0,0,0,0,0,0,0,0,0,0,0,0,0,0,0,0,0,0,0,0,0,0,0,0,0,0,0,0,0,0,0,0,0,0,0,0,0,0,0,0,0,0,0,0,0,0,0,0,0,0,0,0,0,0,0,0,0,0,0,0,0,0,0,0,0,0,0,0,0,0,0,0,0,0,0,0,0,0,0,0,0,0,0,0,0,0,0,0,0,0,0,0,0,0,0,0,0,0,0,0,0,0,0,0,0,0,0,0,0,0,0,0,0,0,0,0
0.41716,0.34047,0.30783,0.46215,0.33543,0.31245,0.34635,0.31849,0.55219,0.3825,0.28398,0.36915,0.28281,0.32203,0.29698,0.31513,0.33962,0.39091,0.68003,0.44418,0.42563,0.28351,0.43445,0.37388,0.45837,0.39324,0.53161,0.36294,0.31466,0.44476,0.34416,0.32194,0.38146,0.28263,0.38274,0.53617,1.0099,0.38426,0.3572,0.3572,0.37575,0.32769,0.52336,0.43648,0.37708,158.11,0.56657,0.37106,0.3841,1.9461,0.33581,0.89256,0.45752,0.43003,0.39505,0.22817,0.36394,0.38176,0.34306,0.43536,0.56215,0.51678,0.55992,0.35052,0.56336,0.72417,0.42155,0.41228,0.45411,0.3647,0,0,0,0,0,0,0,0,0,0,0,0,0,0,0,0,0,0,0,0,0,0,0,0,0,0,0,0,0,0,0,0,0,0,0,0,0,0,0,0,0,0,0,0,0,0,0,0,0,0,0,0,0,0,0,0,0,0,0,0,0,0,0,0,0,0,0,0,0,0,0,0,0,0,0,0,0,0,0,0,0,0,0,0,0,0,0,0,0,0,0,0,0,0,0,0,0,0,0,0,0,0,0,0,0,0,0,0,0,0,0,0,0,0,0,0,0,0,0,0,0,0,0,0,0,0,0,0,0,0,0,0,0,0,0,0,0,0,0,0,0,0,0,0
0.30779,0.39416,0.40676,0.69026,0.55703,0.48422,0.61323,0.58917,0.4057,0.80929,0.46268,0.76444,0.47871,0.64727,0.53878,0.6129,0.67622,0.25524,0.44142,0.72236,0.8285,0.24199,0.92766,0.80166,0.97812,0.95466,0.98474,0.76686,0.56741,1.1231,0.71188,0.67567,0.94675,0.50699,0.80125,1.5006,0.42151,0.84023,0.2698,0.2698,0.897,0.68953,1.5179,0.3066,0.92025,0.56657,158.11,0.26431,0.31745,0.64711,0.26588,1.0189,0.80259,0.79666,0.75523,0.35223,0.8147,0.82646,0.51031,0.74935,0.73937,0.33881,0.36088,0.24166,0.39877,0.41373,0.39175,0.40304,0.40913,0.30228,0,0,0,0,0,0,0,0,0,0,0,0,0,0,0,0,0,0,0,0,0,0,0,0,0,0,0,0,0,0,0,0,0,0,0,0,0,0,0,0,0,0,0,0,0,0,0,0,0,0,0,0,0,0,0,0,0,0,0,0,0,0,0,0,0,0,0,0,0,0,0,0,0,0,0,0,0,0,0,0,0,0,0,0,0,0,0,0,0,0,0,0,0,0,0,0,0,0,0,0,0,0,0,0,0,0,0,0,0,0,0,0,0,0,0,0,0,0,0,0,0,0,0,0,0,0,0,0,0,0,0,0,0,0,0,0,0,0,0,0,0,0,0,0
0.34509,0.20464,0.18572,0.2259,0.19704,0.18008,0.20366,0.19722,0.27422,0.20855,0.17165,0.20871,0.17348,0.19391,0.18505,0.1911,0.20578,0.59267,0.42123,0.21421,0.21595,0.38664,0.22623,0.20754,0.23791,0.21493,0.23418,0.20275,0.1884,0.22413,0.20294,0.19839,0.21249,0.17924,0.2137,0.24889,0.37139,0.21041,1.0184,1.0184,0.21767,0.19856,0.23965,1.241,0.2168,0.37106,0.26431,158.11,0.53972,0.35496,1.0864,0.31566,0.25783,0.24172,0.23299,0.16562,0.20807,0.20722,0.20364,0.22856,0.30941,0.33259,0.74049,1.4135,0.66694,0.63828,0.42734,0.40704,0.44685,0.55807,0,0,0,0,0,0,0,0,0,0,0,0,0,0,0,0,0,0,0,0,0,0,0,0,0,0,0,0,0,0,0,0,0,0,0,0,0,0,0,0,0,0,0,0,0,0,0,0,0,0,0,0,0,0,0,0,0,0,0,0,0,0,0,0,0,0,0,0,0,0,0,0,0,0,0,0,0,0,0,0,0,0,0,0,0,0,0,0,0,0,0,0,0,0,0,0,0,0,0,0,0,0,0,0,0,0,0,0,0,0,0,0,0,0,0,0,0,0,0,0,0,0,0,0,0,0,0,0,0,0,0,0,0,0,0,0,0,0,0,0,0,0,0,0
